-3.818418 -9.141910 -5.321474 0.910000 0.370000 0.460000 0.040000 0.390000 0.830000 0.060000 0.520000 
-3.050880 -8.341105 -5.395651 0.610000 0.880000 0.500000 0.080000 0.110000 0.620000 0.180000 0.500000 
-2.301076 -7.430727 -4.997354 0.340000 0.460000 0.140000 0.780000 0.620000 0.510000 0.300000 0.650000 
0.690000 0.220000 0.020000 0.150000 0.780000 0.930000 0.500000 0.840000 0.460000 0.340000 0.260000 
0.900000 0.960000 0.660000 0.400000 0.040000 0.780000 0.020000 0.740000 0.280000 0.990000 0.630000 
0.140000 0.860000 0.610000 0.280000 0.160000 0.240000 0.790000 0.470000 0.890000 0.480000 0.210000 
0.440000 0.160000 0.990000 0.370000 0.180000 0.360000 0.350000 0.530000 0.140000 0.260000 0.010000 
0.810000 0.180000 0.050000 0.110000 0.730000 0.310000 0.910000 0.240000 0.940000 0.570000 0.100000 
0.560000 0.850000 0.270000 0.320000 0.160000 0.260000 0.730000 0.170000 0.470000 0.170000 0.330000 

-1.721458 -5.751897 -2.982687 0.860000 0.420000 0.560000 0.010000 0.200000 0.570000 0.340000 0.390000 
-1.138766 -4.769444 -4.687755 0.460000 0.880000 0.360000 0.400000 0.460000 0.990000 0.480000 0.830000 
-1.698475 -4.973516 -3.865690 0.040000 0.060000 0.170000 0.030000 0.230000 0.020000 0.010000 0.820000 
0.050000 0.880000 0.250000 0.620000 0.410000 0.450000 0.190000 0.750000 0.360000 0.340000 0.720000 
0.480000 0.320000 0.600000 0.370000 0.240000 0.580000 0.360000 0.250000 0.420000 0.140000 0.570000 
0.940000 0.180000 0.630000 0.630000 0.730000 0.390000 0.650000 0.740000 0.210000 0.700000 0.140000 
0.980000 0.840000 0.550000 0.440000 0.560000 0.300000 0.320000 0.900000 0.020000 0.810000 0.740000 
0.150000 0.700000 0.980000 0.250000 0.060000 0.230000 0.190000 0.200000 0.810000 0.130000 0.900000 
0.960000 0.760000 0.630000 0.350000 0.930000 0.890000 0.090000 0.160000 0.560000 0.070000 0.000000 

-2.093244 -4.902226 -2.797179 0.940000 0.360000 0.980000 0.480000 0.690000 0.720000 0.630000 0.390000 
-2.002779 -4.611394 -1.903596 0.460000 0.600000 0.690000 0.790000 0.260000 0.590000 0.760000 0.540000 
-1.522605 -3.922117 -2.111255 0.150000 0.720000 0.640000 0.710000 0.320000 0.640000 0.830000 0.870000 
0.730000 0.290000 0.230000 0.710000 0.770000 0.440000 0.440000 0.930000 0.830000 0.670000 0.340000 
0.800000 0.650000 0.460000 0.010000 0.450000 0.720000 0.600000 0.210000 0.270000 0.860000 0.840000 
0.750000 0.540000 0.090000 0.910000 0.250000 0.930000 0.070000 0.600000 0.800000 0.800000 0.890000 
0.560000 0.520000 0.670000 0.520000 0.480000 0.600000 0.880000 0.670000 0.460000 0.200000 0.320000 
0.920000 0.220000 0.290000 0.650000 0.340000 0.020000 0.440000 0.210000 0.390000 0.190000 0.270000 
0.480000 0.620000 0.520000 0.930000 0.690000 0.650000 0.250000 0.500000 0.060000 0.810000 0.540000 

-2.911888 -3.722579 -1.439878 0.370000 0.220000 0.210000 0.830000 0.940000 0.050000 0.760000 0.160000 
-1.625434 -2.394448 -1.869545 0.370000 0.370000 0.720000 0.760000 0.080000 0.990000 0.760000 0.700000 
-3.261670 -3.332969 -1.062156 0.200000 0.950000 0.410000 0.270000 0.280000 0.950000 0.520000 0.140000 
0.490000 0.420000 0.880000 0.700000 0.250000 0.830000 0.760000 0.530000 0.990000 0.630000 0.460000 
0.500000 0.520000 0.350000 0.740000 0.290000 0.430000 0.250000 0.570000 0.650000 0.810000 0.270000 
0.570000 0.530000 0.740000 0.980000 0.800000 0.540000 0.940000 0.850000 0.690000 0.950000 0.270000 
0.090000 0.660000 0.040000 0.920000 0.940000 0.580000 0.440000 0.090000 0.560000 0.460000 0.610000 
0.440000 0.730000 0.900000 0.870000 0.980000 0.480000 0.050000 0.310000 0.270000 0.620000 0.850000 
0.530000 0.600000 0.170000 0.070000 0.060000 0.540000 0.280000 0.020000 0.330000 0.380000 0.200000 

-2.204282 -2.461231 -0.462047 0.480000 0.260000 0.750000 0.560000 0.250000 0.360000 0.000000 0.980000 
-1.943224 -3.223583 -0.631269 0.790000 0.450000 0.800000 0.060000 0.070000 0.170000 0.110000 0.190000 
-2.241068 -3.537654 -1.416321 0.410000 0.990000 0.800000 0.740000 0.890000 0.000000 0.120000 0.710000 
0.180000 0.120000 0.500000 0.930000 0.690000 0.750000 0.290000 0.690000 0.730000 0.080000 0.090000 
0.210000 0.390000 0.060000 0.530000 0.450000 0.130000 0.700000 0.080000 0.850000 0.570000 0.790000 
0.110000 0.980000 0.780000 0.430000 0.720000 0.670000 0.950000 0.370000 0.380000 0.130000 0.490000 
0.400000 0.060000 0.180000 0.150000 0.870000 0.400000 0.880000 0.480000 0.010000 0.620000 0.870000 
0.080000 0.150000 0.850000 0.730000 0.380000 0.930000 0.580000 0.470000 0.720000 0.210000 0.450000 
0.020000 0.640000 0.690000 0.690000 0.590000 0.580000 0.600000 0.240000 0.080000 0.000000 0.820000 

-1.213645 -2.272447 -1.327668 0.700000 0.080000 0.700000 0.720000 0.700000 0.090000 0.320000 0.380000 
-2.439028 -3.250219 0.065117 0.400000 0.160000 0.230000 0.640000 0.370000 0.200000 0.670000 0.540000 
-1.562444 -2.223445 -0.310035 0.000000 0.000000 0.900000 0.080000 0.530000 0.720000 0.380000 0.210000 
0.940000 0.090000 0.290000 0.160000 0.330000 0.520000 0.780000 0.650000 0.900000 0.240000 0.220000 
0.660000 0.160000 0.380000 0.410000 0.330000 0.280000 0.610000 0.000000 0.820000 0.020000 0.400000 
0.470000 0.020000 0.930000 0.890000 0.620000 0.460000 0.620000 0.010000 0.190000 0.080000 0.620000 
0.000000 0.770000 0.950000 0.520000 0.550000 0.120000 0.940000 0.310000 0.340000 0.600000 0.480000 
0.250000 0.010000 0.810000 0.050000 0.140000 0.330000 0.870000 0.170000 0.250000 0.860000 0.710000 
0.180000 0.760000 0.340000 0.160000 0.900000 0.870000 0.870000 0.980000 0.490000 0.400000 0.270000 

-2.808981 -4.441308 -2.315488 0.560000 0.390000 0.660000 0.420000 0.990000 0.660000 0.190000 0.530000 
-1.103042 -3.886354 -3.348725 0.320000 0.110000 0.880000 0.090000 0.980000 0.600000 0.800000 0.260000 
-2.775713 -4.064815 -2.313303 0.330000 0.360000 0.660000 0.820000 0.280000 0.940000 0.780000 0.720000 
0.280000 0.860000 0.110000 0.460000 0.280000 0.630000 0.120000 0.000000 0.680000 0.110000 0.240000 
0.870000 0.950000 0.880000 0.760000 0.570000 0.380000 0.880000 0.370000 0.640000 0.340000 0.850000 
0.800000 0.190000 0.730000 0.460000 0.530000 0.010000 0.920000 0.310000 0.740000 0.730000 0.170000 
0.370000 0.190000 0.970000 0.520000 0.840000 0.970000 0.200000 0.470000 0.740000 0.080000 0.950000 
0.620000 0.360000 0.520000 0.000000 0.240000 0.890000 0.160000 0.100000 0.740000 0.960000 0.290000 
0.480000 0.940000 0.820000 0.010000 0.870000 0.650000 0.270000 0.120000 0.340000 0.650000 0.310000 

-0.597104 -0.501247 0.415637 0.810000 0.380000 0.670000 0.070000 0.980000 0.620000 0.690000 0.340000 
-1.268586 -0.792828 0.227931 0.550000 0.370000 0.200000 0.810000 0.850000 0.490000 0.290000 0.310000 
-0.499808 -0.337923 0.312436 0.480000 0.100000 0.820000 0.820000 0.750000 0.660000 0.130000 0.450000 
0.330000 0.460000 0.350000 0.000000 0.530000 0.330000 0.620000 0.740000 0.190000 0.280000 0.950000 
0.290000 0.830000 0.840000 0.490000 0.170000 0.690000 0.500000 0.460000 0.530000 0.330000 0.810000 
0.230000 0.810000 0.920000 0.060000 0.630000 0.190000 0.720000 0.280000 0.640000 0.050000 0.270000 
0.990000 0.580000 0.320000 0.840000 0.720000 0.070000 0.550000 0.530000 0.540000 0.840000 0.360000 
0.390000 0.850000 0.530000 0.600000 0.870000 0.520000 0.130000 0.200000 0.850000 0.370000 0.530000 
0.770000 0.950000 0.680000 0.490000 0.670000 0.490000 0.130000 0.240000 0.760000 0.650000 0.820000 

-1.912494 -5.467739 -2.924208 0.670000 0.570000 0.080000 0.740000 0.930000 0.960000 0.650000 0.790000 
-2.301086 -5.441455 -3.183344 0.060000 0.910000 0.390000 0.910000 0.800000 0.920000 0.210000 0.750000 
-1.329115 -4.744739 -3.665337 0.100000 0.350000 0.660000 0.380000 0.520000 0.010000 0.980000 0.540000 
0.560000 0.180000 0.110000 0.160000 0.920000 0.040000 0.640000 0.570000 0.350000 0.180000 0.340000 
0.540000 0.240000 0.250000 0.930000 0.680000 0.570000 0.370000 0.410000 0.320000 0.980000 0.110000 
0.260000 0.600000 0.980000 0.930000 0.500000 0.510000 0.940000 0.490000 0.050000 0.020000 0.670000 
0.680000 0.700000 0.110000 0.240000 0.340000 0.680000 0.120000 0.530000 0.540000 0.660000 0.290000 
0.320000 0.590000 0.970000 0.890000 0.960000 0.380000 0.220000 0.470000 0.010000 0.480000 0.590000 
0.000000 0.930000 0.100000 0.030000 0.390000 0.590000 0.080000 0.930000 0.780000 0.280000 0.630000 

-3.810961 -7.997230 -4.401844 0.090000 0.160000 0.550000 0.150000 0.820000 0.840000 0.470000 0.930000 
-3.775747 -8.027294 -4.585830 0.240000 0.110000 0.890000 0.260000 0.110000 0.480000 0.780000 0.570000 
-3.350150 -7.301637 -3.549562 0.690000 0.410000 0.420000 0.990000 0.210000 0.570000 0.400000 0.250000 
0.070000 0.010000 0.420000 0.140000 0.170000 0.240000 0.990000 0.640000 0.700000 0.330000 0.010000 
0.120000 0.570000 0.640000 0.010000 0.350000 0.760000 0.010000 0.650000 0.330000 0.120000 0.980000 
0.810000 0.330000 0.910000 0.230000 0.330000 0.120000 0.330000 0.250000 0.380000 0.400000 0.270000 
0.320000 0.550000 0.440000 0.560000 0.060000 0.600000 0.260000 0.390000 0.140000 0.380000 0.480000 
0.780000 0.910000 0.360000 0.540000 0.450000 0.530000 0.870000 0.090000 0.040000 0.690000 0.420000 
0.950000 0.440000 0.270000 0.600000 0.770000 0.530000 0.980000 0.700000 0.800000 0.300000 0.770000 

-3.491309 -6.760496 -3.813607 0.360000 0.170000 0.740000 0.500000 0.070000 0.740000 0.290000 0.510000 
-2.443814 -6.020728 -4.631239 0.160000 0.750000 0.050000 0.200000 0.960000 0.990000 0.150000 0.400000 
-3.825257 -5.869209 -3.609337 0.800000 0.250000 0.400000 0.120000 0.070000 0.690000 0.880000 0.980000 
0.520000 0.240000 0.150000 0.780000 0.270000 0.740000 0.520000 0.080000 0.250000 0.670000 0.430000 
0.210000 0.830000 0.700000 0.780000 0.550000 0.660000 0.780000 0.220000 0.070000 0.570000 0.500000 
0.290000 0.370000 0.750000 0.690000 0.490000 0.350000 0.900000 0.890000 0.330000 0.420000 0.650000 
0.000000 0.720000 0.920000 0.740000 0.760000 0.520000 0.000000 0.430000 0.480000 0.730000 0.260000 
0.180000 0.040000 0.810000 0.850000 0.340000 0.560000 0.440000 0.910000 0.060000 0.250000 0.280000 
0.330000 0.940000 0.290000 0.680000 0.840000 0.180000 0.530000 0.780000 0.350000 0.050000 0.500000 

-1.626421 -1.785212 -1.923454 0.320000 0.320000 0.220000 0.800000 0.570000 0.480000 0.510000 0.610000 
-1.039601 -1.276092 -1.596650 0.380000 0.840000 0.860000 0.960000 0.090000 0.660000 0.290000 0.550000 
-2.390105 -1.854374 -1.390964 0.170000 0.030000 0.690000 0.530000 0.090000 0.710000 0.330000 0.410000 
0.490000 0.170000 0.250000 0.710000 0.500000 0.820000 0.720000 0.010000 0.960000 0.060000 0.410000 
0.430000 0.960000 0.250000 0.820000 0.920000 0.340000 0.000000 0.210000 0.890000 0.480000 0.710000 
0.800000 0.650000 0.270000 0.010000 0.700000 0.880000 0.240000 0.030000 0.290000 0.730000 0.210000 
0.060000 0.970000 0.230000 0.400000 0.210000 0.240000 0.360000 0.790000 0.650000 0.320000 0.750000 
0.420000 0.140000 0.190000 0.760000 0.140000 0.920000 0.650000 0.620000 0.160000 0.970000 0.800000 
0.430000 0.980000 0.500000 0.830000 0.740000 0.060000 0.640000 0.990000 0.790000 0.700000 0.960000 

-0.390153 0.444621 0.660068 0.780000 0.990000 0.480000 0.950000 0.310000 0.750000 0.370000 0.450000 
0.230313 0.289924 0.343397 0.870000 0.300000 0.260000 0.550000 0.270000 0.060000 0.500000 0.770000 
-0.708337 0.305469 -0.098056 0.140000 0.970000 0.020000 0.930000 0.670000 0.990000 0.470000 0.290000 
0.200000 0.250000 0.280000 0.690000 0.200000 0.590000 0.440000 0.570000 0.560000 0.910000 0.220000 
0.680000 0.300000 0.520000 0.940000 0.850000 0.310000 0.520000 0.350000 0.600000 0.600000 0.200000 
0.630000 0.270000 0.170000 0.180000 0.720000 0.360000 0.170000 0.200000 0.650000 0.890000 0.970000 
0.940000 0.580000 0.700000 0.530000 0.550000 0.790000 0.620000 0.980000 0.020000 0.300000 0.280000 
0.060000 0.760000 0.650000 0.900000 0.280000 0.520000 0.020000 0.400000 0.720000 0.180000 0.190000 
0.410000 0.360000 0.440000 0.770000 0.050000 0.160000 0.420000 0.940000 0.130000 0.880000 0.050000 

-1.373540 0.713592 1.306882 0.150000 0.560000 0.580000 0.170000 0.860000 0.380000 0.750000 0.140000 
-1.968958 0.215565 2.004210 0.070000 0.680000 0.340000 0.790000 0.860000 0.060000 0.720000 0.220000 
-1.464884 0.015258 1.095846 0.660000 0.430000 0.730000 0.310000 0.320000 0.780000 0.670000 0.260000 
0.380000 0.820000 0.340000 0.480000 0.510000 0.200000 0.380000 0.260000 0.860000 0.930000 0.440000 
0.800000 0.000000 0.120000 0.660000 0.310000 0.500000 0.720000 0.030000 0.240000 0.740000 0.040000 
0.030000 0.400000 0.480000 0.760000 0.240000 0.320000 0.070000 0.910000 0.100000 0.450000 0.250000 
0.440000 0.460000 0.760000 0.160000 0.840000 0.540000 0.020000 0.300000 0.980000 0.820000 0.300000 
0.620000 0.480000 0.140000 0.640000 0.730000 0.690000 0.400000 0.470000 0.740000 0.950000 0.400000 
0.740000 0.240000 0.640000 0.580000 0.310000 0.070000 0.200000 0.760000 0.320000 0.640000 0.740000 

-0.035574 1.807098 1.578727 0.660000 0.340000 0.410000 0.170000 0.680000 0.230000 0.310000 0.680000 
-0.231970 2.134703 2.052935 0.590000 0.880000 0.890000 0.850000 0.840000 0.810000 0.110000 0.080000 
0.010579 2.072737 1.525809 0.040000 0.890000 0.670000 0.880000 0.050000 0.940000 0.000000 0.370000 
0.050000 0.660000 0.230000 0.980000 0.830000 0.910000 0.730000 0.670000 0.110000 0.630000 0.150000 
0.530000 0.740000 0.030000 0.940000 0.590000 0.390000 0.750000 0.700000 0.470000 0.720000 0.910000 
0.380000 0.760000 0.800000 0.580000 0.640000 0.370000 0.520000 0.640000 0.740000 0.570000 0.820000 
0.970000 0.070000 0.180000 0.400000 0.800000 0.850000 0.510000 0.950000 0.000000 0.560000 0.690000 
0.550000 0.500000 0.800000 0.950000 0.770000 0.020000 0.940000 0.490000 0.930000 0.330000 0.770000 
0.250000 0.910000 0.410000 0.620000 0.430000 0.570000 0.360000 0.520000 0.920000 0.850000 0.110000 


0.000000 0.000000 0.000000 0.000000 0.000000 0.000000 0.000000 0.000000 0.000000 0.000000 0.000000 
0.000000 0.000000 0.000000 0.000000 0.000000 0.000000 0.000000 0.000000 0.000000 0.000000 0.000000 
0.000000 0.000000 0.000000 0.000000 0.000000 0.000000 0.000000 0.000000 0.000000 0.000000 0.000000 
0.000000 0.000000 0.000000 0.000000 0.000000 0.000000 0.000000 0.000000 0.000000 0.000000 0.000000 
0.000000 0.000000 0.000000 0.000000 0.000000 0.000000 0.000000 0.000000 0.000000 0.000000 0.000000 
0.000000 0.000000 0.000000 0.000000 0.000000 0.000000 0.000000 0.000000 0.000000 0.000000 0.000000 
0.000000 0.000000 0.000000 0.000000 0.000000 0.000000 0.000000 0.000000 0.000000 0.000000 0.000000 
0.000000 0.000000 0.000000 0.000000 0.000000 0.000000 0.000000 0.000000 0.000000 0.000000 0.000000 
0.000000 0.000000 0.000000 0.000000 0.000000 0.000000 0.000000 0.000000 0.000000 0.000000 0.000000 

0.000000 0.000000 0.000000 0.000000 0.000000 0.000000 0.000000 0.000000 0.000000 0.000000 0.000000 
0.000000 0.000000 0.000000 0.000000 0.000000 0.000000 0.000000 0.000000 0.000000 0.000000 0.000000 
0.000000 0.000000 0.000000 0.000000 0.000000 0.000000 0.000000 0.000000 0.000000 0.000000 0.000000 
0.000000 0.000000 0.000000 0.000000 0.000000 0.000000 0.000000 0.000000 0.000000 0.000000 0.000000 
0.000000 0.000000 0.000000 0.000000 0.000000 0.000000 0.000000 0.000000 0.000000 0.000000 0.000000 
0.000000 0.000000 0.000000 0.000000 0.000000 0.000000 0.000000 0.000000 0.000000 0.000000 0.000000 
0.000000 0.000000 0.000000 0.000000 0.000000 0.000000 0.000000 0.000000 0.000000 0.000000 0.000000 
0.000000 0.000000 0.000000 0.000000 0.000000 0.000000 0.000000 0.000000 0.000000 0.000000 0.000000 
0.000000 0.000000 0.000000 0.000000 0.000000 0.000000 0.000000 0.000000 0.000000 0.000000 0.000000 

0.000000 0.000000 0.000000 0.000000 0.000000 0.000000 0.000000 0.000000 0.000000 0.000000 0.000000 
0.000000 0.000000 0.000000 0.000000 0.000000 0.000000 0.000000 0.000000 0.000000 0.000000 0.000000 
0.000000 0.000000 0.000000 0.000000 0.000000 0.000000 0.000000 0.000000 0.000000 0.000000 0.000000 
0.000000 0.000000 0.000000 0.000000 0.000000 0.000000 0.000000 0.000000 0.000000 0.000000 0.000000 
0.000000 0.000000 0.000000 0.000000 0.000000 0.000000 0.000000 0.000000 0.000000 0.000000 0.000000 
0.000000 0.000000 0.000000 0.000000 0.000000 0.000000 0.000000 0.000000 0.000000 0.000000 0.000000 
0.000000 0.000000 0.000000 0.000000 0.000000 0.000000 0.000000 0.000000 0.000000 0.000000 0.000000 
0.000000 0.000000 0.000000 0.000000 0.000000 0.000000 0.000000 0.000000 0.000000 0.000000 0.000000 
0.000000 0.000000 0.000000 0.000000 0.000000 0.000000 0.000000 0.000000 0.000000 0.000000 0.000000 

0.000000 0.000000 0.000000 0.000000 0.000000 0.000000 0.000000 0.000000 0.000000 0.000000 0.000000 
0.000000 0.000000 0.000000 0.000000 0.000000 0.000000 0.000000 0.000000 0.000000 0.000000 0.000000 
0.000000 0.000000 0.000000 0.000000 0.000000 0.000000 0.000000 0.000000 0.000000 0.000000 0.000000 
0.000000 0.000000 0.000000 0.000000 0.000000 0.000000 0.000000 0.000000 0.000000 0.000000 0.000000 
0.000000 0.000000 0.000000 0.000000 0.000000 0.000000 0.000000 0.000000 0.000000 0.000000 0.000000 
0.000000 0.000000 0.000000 0.000000 0.000000 0.000000 0.000000 0.000000 0.000000 0.000000 0.000000 
0.000000 0.000000 0.000000 0.000000 0.000000 0.000000 0.000000 0.000000 0.000000 0.000000 0.000000 
0.000000 0.000000 0.000000 0.000000 0.000000 0.000000 0.000000 0.000000 0.000000 0.000000 0.000000 
0.000000 0.000000 0.000000 0.000000 0.000000 0.000000 0.000000 0.000000 0.000000 0.000000 0.000000 

0.000000 0.000000 0.000000 0.000000 0.000000 0.000000 0.000000 0.000000 0.000000 0.000000 0.000000 
0.000000 0.000000 0.000000 0.000000 0.000000 0.000000 0.000000 0.000000 0.000000 0.000000 0.000000 
0.000000 0.000000 0.000000 0.000000 0.000000 0.000000 0.000000 0.000000 0.000000 0.000000 0.000000 
0.000000 0.000000 0.000000 0.000000 0.000000 0.000000 0.000000 0.000000 0.000000 0.000000 0.000000 
0.000000 0.000000 0.000000 0.000000 0.000000 0.000000 0.000000 0.000000 0.000000 0.000000 0.000000 
0.000000 0.000000 0.000000 0.000000 0.000000 0.000000 0.000000 0.000000 0.000000 0.000000 0.000000 
0.000000 0.000000 0.000000 0.000000 0.000000 0.000000 0.000000 0.000000 0.000000 0.000000 0.000000 
0.000000 0.000000 0.000000 0.000000 0.000000 0.000000 0.000000 0.000000 0.000000 0.000000 0.000000 
0.000000 0.000000 0.000000 0.000000 0.000000 0.000000 0.000000 0.000000 0.000000 0.000000 0.000000 

0.000000 0.000000 0.000000 0.000000 0.000000 0.000000 0.000000 0.000000 0.000000 0.000000 0.000000 
0.000000 0.000000 0.000000 0.000000 0.000000 0.000000 0.000000 0.000000 0.000000 0.000000 0.000000 
0.000000 0.000000 0.000000 0.000000 0.000000 0.000000 0.000000 0.000000 0.000000 0.000000 0.000000 
0.000000 0.000000 0.000000 0.000000 0.000000 0.000000 0.000000 0.000000 0.000000 0.000000 0.000000 
0.000000 0.000000 0.000000 0.000000 0.000000 0.000000 0.000000 0.000000 0.000000 0.000000 0.000000 
0.000000 0.000000 0.000000 0.000000 0.000000 0.000000 0.000000 0.000000 0.000000 0.000000 0.000000 
0.000000 0.000000 0.000000 0.000000 0.000000 0.000000 0.000000 0.000000 0.000000 0.000000 0.000000 
0.000000 0.000000 0.000000 0.000000 0.000000 0.000000 0.000000 0.000000 0.000000 0.000000 0.000000 
0.000000 0.000000 0.000000 0.000000 0.000000 0.000000 0.000000 0.000000 0.000000 0.000000 0.000000 

0.000000 0.000000 0.000000 0.000000 0.000000 0.000000 0.000000 0.000000 0.000000 0.000000 0.000000 
0.000000 0.000000 0.000000 0.000000 0.000000 0.000000 0.000000 0.000000 0.000000 0.000000 0.000000 
0.000000 0.000000 0.000000 0.000000 0.000000 0.000000 0.000000 0.000000 0.000000 0.000000 0.000000 
0.000000 0.000000 0.000000 0.000000 0.000000 0.000000 0.000000 0.000000 0.000000 0.000000 0.000000 
0.000000 0.000000 0.000000 0.000000 0.000000 0.000000 0.000000 0.000000 0.000000 0.000000 0.000000 
0.000000 0.000000 0.000000 0.000000 0.000000 0.000000 0.000000 0.000000 0.000000 0.000000 0.000000 
0.000000 0.000000 0.000000 0.000000 0.000000 0.000000 0.000000 0.000000 0.000000 0.000000 0.000000 
0.000000 0.000000 0.000000 0.000000 0.000000 0.000000 0.000000 0.000000 0.000000 0.000000 0.000000 
0.000000 0.000000 0.000000 0.000000 0.000000 0.000000 0.000000 0.000000 0.000000 0.000000 0.000000 

0.000000 0.000000 0.000000 0.000000 0.000000 0.000000 0.000000 0.000000 0.000000 0.000000 0.000000 
0.000000 0.000000 0.000000 0.000000 0.000000 0.000000 0.000000 0.000000 0.000000 0.000000 0.000000 
0.000000 0.000000 0.000000 0.000000 0.000000 0.000000 0.000000 0.000000 0.000000 0.000000 0.000000 
0.000000 0.000000 0.000000 0.000000 0.000000 0.000000 0.000000 0.000000 0.000000 0.000000 0.000000 
0.000000 0.000000 0.000000 0.000000 0.000000 0.000000 0.000000 0.000000 0.000000 0.000000 0.000000 
0.000000 0.000000 0.000000 0.000000 0.000000 0.000000 0.000000 0.000000 0.000000 0.000000 0.000000 
0.000000 0.000000 0.000000 0.000000 0.000000 0.000000 0.000000 0.000000 0.000000 0.000000 0.000000 
0.000000 0.000000 0.000000 0.000000 0.000000 0.000000 0.000000 0.000000 0.000000 0.000000 0.000000 
0.000000 0.000000 0.000000 0.000000 0.000000 0.000000 0.000000 0.000000 0.000000 0.000000 0.000000 

0.000000 0.000000 0.000000 0.000000 0.000000 0.000000 0.000000 0.000000 0.000000 0.000000 0.000000 
0.000000 0.000000 0.000000 0.000000 0.000000 0.000000 0.000000 0.000000 0.000000 0.000000 0.000000 
0.000000 0.000000 0.000000 0.000000 0.000000 0.000000 0.000000 0.000000 0.000000 0.000000 0.000000 
0.000000 0.000000 0.000000 0.000000 0.000000 0.000000 0.000000 0.000000 0.000000 0.000000 0.000000 
0.000000 0.000000 0.000000 0.000000 0.000000 0.000000 0.000000 0.000000 0.000000 0.000000 0.000000 
0.000000 0.000000 0.000000 0.000000 0.000000 0.000000 0.000000 0.000000 0.000000 0.000000 0.000000 
0.000000 0.000000 0.000000 0.000000 0.000000 0.000000 0.000000 0.000000 0.000000 0.000000 0.000000 
0.000000 0.000000 0.000000 0.000000 0.000000 0.000000 0.000000 0.000000 0.000000 0.000000 0.000000 
0.000000 0.000000 0.000000 0.000000 0.000000 0.000000 0.000000 0.000000 0.000000 0.000000 0.000000 

0.000000 0.000000 0.000000 0.000000 0.000000 0.000000 0.000000 0.000000 0.000000 0.000000 0.000000 
0.000000 0.000000 0.000000 0.000000 0.000000 0.000000 0.000000 0.000000 0.000000 0.000000 0.000000 
0.000000 0.000000 0.000000 0.000000 0.000000 0.000000 0.000000 0.000000 0.000000 0.000000 0.000000 
0.000000 0.000000 0.000000 0.000000 0.000000 0.000000 0.000000 0.000000 0.000000 0.000000 0.000000 
0.000000 0.000000 0.000000 0.000000 0.000000 0.000000 0.000000 0.000000 0.000000 0.000000 0.000000 
0.000000 0.000000 0.000000 0.000000 0.000000 0.000000 0.000000 0.000000 0.000000 0.000000 0.000000 
0.000000 0.000000 0.000000 0.000000 0.000000 0.000000 0.000000 0.000000 0.000000 0.000000 0.000000 
0.000000 0.000000 0.000000 0.000000 0.000000 0.000000 0.000000 0.000000 0.000000 0.000000 0.000000 
0.000000 0.000000 0.000000 0.000000 0.000000 0.000000 0.000000 0.000000 0.000000 0.000000 0.000000 

0.000000 0.000000 0.000000 0.000000 0.000000 0.000000 0.000000 0.000000 0.000000 0.000000 0.000000 
0.000000 0.000000 0.000000 0.000000 0.000000 0.000000 0.000000 0.000000 0.000000 0.000000 0.000000 
0.000000 0.000000 0.000000 0.000000 0.000000 0.000000 0.000000 0.000000 0.000000 0.000000 0.000000 
0.000000 0.000000 0.000000 0.000000 0.000000 0.000000 0.000000 0.000000 0.000000 0.000000 0.000000 
0.000000 0.000000 0.000000 0.000000 0.000000 0.000000 0.000000 0.000000 0.000000 0.000000 0.000000 
0.000000 0.000000 0.000000 0.000000 0.000000 0.000000 0.000000 0.000000 0.000000 0.000000 0.000000 
0.000000 0.000000 0.000000 0.000000 0.000000 0.000000 0.000000 0.000000 0.000000 0.000000 0.000000 
0.000000 0.000000 0.000000 0.000000 0.000000 0.000000 0.000000 0.000000 0.000000 0.000000 0.000000 
0.000000 0.000000 0.000000 0.000000 0.000000 0.000000 0.000000 0.000000 0.000000 0.000000 0.000000 

0.000000 0.000000 0.000000 0.000000 0.000000 0.000000 0.000000 0.000000 0.000000 0.000000 0.000000 
0.000000 0.000000 0.000000 0.000000 0.000000 0.000000 0.000000 0.000000 0.000000 0.000000 0.000000 
0.000000 0.000000 0.000000 0.000000 0.000000 0.000000 0.000000 0.000000 0.000000 0.000000 0.000000 
0.000000 0.000000 0.000000 0.000000 0.000000 0.000000 0.000000 0.000000 0.000000 0.000000 0.000000 
0.000000 0.000000 0.000000 0.000000 0.000000 0.000000 0.000000 0.000000 0.000000 0.000000 0.000000 
0.000000 0.000000 0.000000 0.000000 0.000000 0.000000 0.000000 0.000000 0.000000 0.000000 0.000000 
0.000000 0.000000 0.000000 0.000000 0.000000 0.000000 0.000000 0.000000 0.000000 0.000000 0.000000 
0.000000 0.000000 0.000000 0.000000 0.000000 0.000000 0.000000 0.000000 0.000000 0.000000 0.000000 
0.000000 0.000000 0.000000 0.000000 0.000000 0.000000 0.000000 0.000000 0.000000 0.000000 0.000000 

0.000000 0.000000 0.000000 0.000000 0.000000 0.000000 0.000000 0.000000 0.000000 0.000000 0.000000 
0.000000 0.000000 0.000000 0.000000 0.000000 0.000000 0.000000 0.000000 0.000000 0.000000 0.000000 
0.000000 0.000000 0.000000 0.000000 0.000000 0.000000 0.000000 0.000000 0.000000 0.000000 0.000000 
0.000000 0.000000 0.000000 0.000000 0.000000 0.000000 0.000000 0.000000 0.000000 0.000000 0.000000 
0.000000 0.000000 0.000000 0.000000 0.000000 0.000000 0.000000 0.000000 0.000000 0.000000 0.000000 
0.000000 0.000000 0.000000 0.000000 0.000000 0.000000 0.000000 0.000000 0.000000 0.000000 0.000000 
0.000000 0.000000 0.000000 0.000000 0.000000 0.000000 0.000000 0.000000 0.000000 0.000000 0.000000 
0.000000 0.000000 0.000000 0.000000 0.000000 0.000000 0.000000 0.000000 0.000000 0.000000 0.000000 
0.000000 0.000000 0.000000 0.000000 0.000000 0.000000 0.000000 0.000000 0.000000 0.000000 0.000000 

0.000000 0.000000 0.000000 0.000000 0.000000 0.000000 0.000000 0.000000 0.000000 0.000000 0.000000 
0.000000 0.000000 0.000000 0.000000 0.000000 0.000000 0.000000 0.000000 0.000000 0.000000 0.000000 
0.000000 0.000000 0.000000 0.000000 0.000000 0.000000 0.000000 0.000000 0.000000 0.000000 0.000000 
0.000000 0.000000 0.000000 0.000000 0.000000 0.000000 0.000000 0.000000 0.000000 0.000000 0.000000 
0.000000 0.000000 0.000000 0.000000 0.000000 0.000000 0.000000 0.000000 0.000000 0.000000 0.000000 
0.000000 0.000000 0.000000 0.000000 0.000000 0.000000 0.000000 0.000000 0.000000 0.000000 0.000000 
0.000000 0.000000 0.000000 0.000000 0.000000 0.000000 0.000000 0.000000 0.000000 0.000000 0.000000 
0.000000 0.000000 0.000000 0.000000 0.000000 0.000000 0.000000 0.000000 0.000000 0.000000 0.000000 
0.000000 0.000000 0.000000 0.000000 0.000000 0.000000 0.000000 0.000000 0.000000 0.000000 0.000000 

0.000000 0.000000 0.000000 0.000000 0.000000 0.000000 0.000000 0.000000 0.000000 0.000000 0.000000 
0.000000 0.000000 0.000000 0.000000 0.000000 0.000000 0.000000 0.000000 0.000000 0.000000 0.000000 
0.000000 0.000000 0.000000 0.000000 0.000000 0.000000 0.000000 0.000000 0.000000 0.000000 0.000000 
0.000000 0.000000 0.000000 0.000000 0.000000 0.000000 0.000000 0.000000 0.000000 0.000000 0.000000 
0.000000 0.000000 0.000000 0.000000 0.000000 0.000000 0.000000 0.000000 0.000000 0.000000 0.000000 
0.000000 0.000000 0.000000 0.000000 0.000000 0.000000 0.000000 0.000000 0.000000 0.000000 0.000000 
0.000000 0.000000 0.000000 0.000000 0.000000 0.000000 0.000000 0.000000 0.000000 0.000000 0.000000 
0.000000 0.000000 -0.000000 -0.000506 0.225624 0.228472 -0.000074 -0.000043 0.000032 0.000000 0.000000 
0.000000 0.000000 -0.000000 -0.003186 0.003486 0.003533 -0.000001 -0.000001 0.000294 0.000000 0.000000 


-0.009166 0.187819 -0.086584 0.915031 -0.009166 0.089462 -0.030704 -0.033083 -0.009166 0.147954 -0.124347 -0.111697 -0.009166 0.171031 -0.113980 0.986338 -0.009166 0.133901 -0.064995 0.013936 -0.009166 0.174893 -0.104767 -0.268814 -0.009166 0.111338 -0.033727 0.022074 -0.009166 0.100621 -0.026484 0.240040 -0.009166 0.118543 -0.022782 0.053258 -0.009166 0.189887 -0.058310 0.799399 -0.009166 0.122221 -0.038508 0.723304 -0.009166 0.147687 -0.038477 0.014537 -0.009166 0.090434 -0.021392 -0.341353 -0.009166 0.149503 -0.046368 0.142386 -0.009166 0.168026 -0.041100 -0.764062 -0.009166 0.112259 -0.043943 -0.258025 -0.009166 0.146610 -0.064421 0.661981 -0.009166 0.214658 -0.266208 -0.764199 -0.009166 0.115477 -0.024107 0.691256 -0.009166 0.129056 -0.101838 0.501536 -0.009166 0.109194 -0.042334 0.295579 -0.009166 0.125211 -0.075456 -0.468443 -0.009166 0.108953 -0.065541 -0.352900 -0.009166 0.161846 -0.265779 0.198417 -0.009166 0.212152 -0.207399 -0.361922 -0.009166 0.140170 -0.129258 -0.796481 -0.009166 0.130088 -0.032710 -0.503214 -0.009166 0.187516 -0.055642 0.201545 -0.009166 0.104463 -0.122536 -0.041694 -0.009166 0.126470 -0.054728 -0.331588 -0.009166 0.112253 -0.119257 1.205752 -0.009166 0.104223 -0.040039 -0.767755 -0.009166 0.142648 -0.049700 -0.590524 -0.009166 0.139192 -0.031966 0.269604 -0.009166 0.112487 -0.022929 1.392161 -0.009166 0.157141 -0.018796 0.375247 -0.009166 0.151820 -0.518311 -0.454119 -0.009166 0.159090 -0.157397 0.374047 -0.009166 0.135139 -0.029201 0.196174 -0.009166 0.148401 -0.080049 -0.488693 -0.009166 0.136159 -0.101952 0.335931 -0.009166 0.148010 -0.020807 0.599679 -0.009166 0.116908 -0.027376 -0.097177 -0.009166 0.112060 -0.036837 -0.536738 -0.009166 0.136390 -0.056583 -0.312174 
0.009166 -0.187819 0.086584 -0.915031 0.009166 -0.089462 0.030704 0.033084 0.009166 -0.147954 0.124347 0.111697 0.009166 -0.171031 0.113979 -0.986337 0.009166 -0.133901 0.064995 -0.013936 0.009166 -0.174893 0.104766 0.268814 0.009166 -0.111338 0.033727 -0.022073 0.009166 -0.100621 0.026484 -0.240040 0.009166 -0.118543 0.022782 -0.053258 0.009166 -0.189888 0.058310 -0.799399 0.009166 -0.122221 0.038508 -0.723304 0.009166 -0.147687 0.038477 -0.014537 0.009166 -0.090434 0.021392 0.341353 0.009166 -0.149503 0.046368 -0.142386 0.009166 -0.168026 0.041100 0.764062 0.009166 -0.112259 0.043943 0.258026 0.009166 -0.146610 0.064421 -0.661981 0.009166 -0.214658 0.266208 0.764199 0.009166 -0.115477 0.024107 -0.691256 0.009166 -0.129056 0.101838 -0.501536 0.009166 -0.109194 0.042334 -0.295579 0.009166 -0.125211 0.075456 0.468443 0.009166 -0.108953 0.065541 0.352900 0.009166 -0.161846 0.265779 -0.198417 0.009166 -0.212152 0.207399 0.361922 0.009166 -0.140170 0.129258 0.796480 0.009166 -0.130088 0.032710 0.503214 0.009166 -0.187516 0.055642 -0.201546 0.009166 -0.104463 0.122536 0.041693 0.009166 -0.126470 0.054728 0.331588 0.009166 -0.112253 0.119257 -1.205751 0.009166 -0.104223 0.040039 0.767755 0.009166 -0.142648 0.049700 0.590525 0.009166 -0.139191 0.031966 -0.269604 0.009166 -0.112487 0.022929 -1.392161 0.009166 -0.157141 0.018796 -0.375247 0.009166 -0.151820 0.518311 0.454118 0.009166 -0.159090 0.157397 -0.374047 0.009166 -0.135139 0.029201 -0.196174 0.009166 -0.148401 0.080048 0.488693 0.009166 -0.136159 0.101952 -0.335931 0.009166 -0.148009 0.020807 -0.599678 0.009166 -0.116908 0.027376 0.097177 0.009166 -0.112060 0.036836 0.536738 0.009166 -0.136390 0.056583 0.312174 
-3.289361
3.289475
