0.337090 0.577709 -4.719382 0.970000 0.100000 0.210000 0.540000 0.560000 0.070000 0.110000 0.540000 
0.313211 -0.644941 -4.005103 0.990000 0.780000 0.980000 0.390000 0.860000 0.690000 0.030000 0.910000 
-0.184654 -0.958249 -2.972992 0.550000 0.800000 0.710000 0.980000 0.870000 0.890000 0.400000 0.430000 
0.580000 0.890000 0.050000 0.790000 0.430000 0.130000 0.380000 0.540000 0.670000 0.340000 0.270000 
0.370000 0.860000 0.050000 0.350000 0.770000 0.910000 0.040000 0.800000 0.350000 0.680000 0.150000 
0.660000 0.230000 0.470000 0.370000 0.730000 0.340000 0.780000 0.650000 0.290000 0.370000 0.540000 
0.860000 0.680000 0.980000 0.000000 0.590000 0.040000 0.190000 0.930000 0.310000 0.560000 0.310000 
0.880000 0.430000 0.090000 0.320000 0.470000 0.890000 0.190000 0.150000 0.560000 0.850000 0.910000 
0.030000 0.740000 0.640000 0.890000 0.040000 0.300000 0.700000 0.410000 0.360000 0.570000 0.620000 

-0.409765 -2.824716 2.398792 0.910000 0.280000 0.660000 0.740000 0.370000 0.980000 0.630000 0.800000 
0.082936 0.244389 1.237743 0.960000 0.660000 0.470000 0.050000 0.030000 0.900000 0.080000 0.290000 
0.171822 -0.881898 1.479584 0.370000 0.200000 0.270000 0.730000 0.290000 0.890000 0.600000 0.380000 
0.100000 0.510000 0.190000 0.760000 0.250000 0.560000 0.740000 0.400000 0.880000 0.330000 0.390000 
0.680000 0.300000 0.570000 0.160000 0.350000 0.600000 0.060000 0.950000 0.410000 0.130000 0.970000 
0.750000 0.020000 0.180000 0.020000 0.280000 0.470000 0.910000 0.880000 0.380000 0.530000 0.910000 
0.570000 0.290000 0.680000 0.650000 0.560000 0.610000 0.530000 0.890000 0.000000 0.740000 0.710000 
0.580000 0.420000 0.580000 0.700000 0.000000 0.060000 0.120000 0.140000 0.030000 0.390000 0.680000 
0.730000 0.410000 0.960000 0.730000 0.840000 0.360000 0.110000 0.890000 0.270000 0.680000 0.180000 

-0.548052 -1.386963 4.681776 0.090000 0.380000 0.160000 0.090000 0.640000 0.390000 0.190000 0.060000 
0.733535 -0.597369 3.840443 0.040000 0.540000 0.730000 0.590000 0.450000 0.410000 0.330000 0.380000 
0.263233 -0.699712 3.272223 0.260000 0.170000 0.630000 0.060000 0.370000 0.810000 0.060000 0.220000 
0.600000 0.150000 0.120000 0.280000 0.760000 0.770000 0.670000 0.480000 0.350000 0.170000 0.900000 
0.420000 0.730000 0.960000 0.670000 0.330000 0.410000 0.610000 0.660000 0.790000 0.510000 0.240000 
0.530000 0.290000 0.930000 0.160000 0.870000 0.300000 0.490000 0.930000 0.040000 0.090000 0.600000 
0.680000 0.890000 0.890000 0.970000 0.570000 0.370000 0.330000 0.260000 0.790000 0.270000 0.000000 
0.750000 0.950000 0.850000 0.160000 0.560000 0.030000 0.470000 0.590000 0.270000 0.000000 0.400000 
0.720000 0.680000 0.800000 0.020000 0.690000 0.250000 0.580000 0.310000 0.380000 0.260000 0.200000 

-1.745903 -1.079020 1.451010 0.160000 0.090000 0.560000 0.950000 0.360000 0.080000 0.700000 0.830000 
-2.272581 -2.958627 3.515596 0.000000 0.850000 0.500000 0.790000 0.370000 0.430000 0.510000 0.570000 
-2.134005 -2.141973 2.060827 0.000000 0.630000 0.570000 0.380000 0.410000 0.300000 0.170000 0.170000 
0.590000 0.330000 0.260000 0.670000 0.280000 0.150000 0.270000 0.500000 0.500000 0.240000 0.880000 
0.420000 0.240000 0.250000 0.440000 0.030000 0.140000 0.870000 0.540000 0.710000 0.140000 0.070000 
0.980000 0.150000 0.220000 0.070000 0.050000 0.640000 0.370000 0.230000 0.810000 0.490000 0.080000 
0.600000 0.680000 0.890000 0.270000 0.960000 0.910000 0.770000 0.200000 0.320000 0.190000 0.450000 
0.570000 0.640000 0.480000 0.720000 0.030000 0.550000 0.950000 0.180000 0.620000 0.450000 0.850000 
0.370000 0.530000 0.900000 0.010000 0.420000 0.650000 0.820000 0.910000 0.260000 0.940000 0.600000 

-2.046284 -5.137652 3.237723 0.060000 0.990000 0.800000 0.380000 0.180000 0.250000 0.480000 0.340000 
-2.644238 -3.433795 2.209722 0.810000 0.670000 0.080000 0.950000 0.130000 0.930000 0.320000 0.660000 
-2.732330 -4.411537 3.418297 0.010000 0.200000 0.040000 0.270000 0.140000 0.160000 0.940000 0.880000 
0.240000 0.520000 0.870000 0.040000 0.910000 0.570000 0.820000 0.910000 0.920000 0.600000 0.630000 
0.820000 0.930000 0.300000 0.420000 0.880000 0.430000 0.870000 0.730000 0.610000 0.220000 0.100000 
0.220000 0.750000 0.300000 0.780000 0.540000 0.970000 0.940000 0.480000 0.850000 0.700000 0.010000 
0.720000 0.260000 0.440000 0.290000 0.600000 0.350000 0.730000 0.200000 0.500000 0.070000 0.130000 
0.800000 0.490000 0.540000 0.240000 0.880000 0.790000 0.370000 0.110000 0.890000 0.110000 0.860000 
0.720000 0.890000 0.930000 0.690000 0.830000 0.410000 0.540000 0.050000 0.940000 0.260000 0.320000 

-1.325514 -5.946058 12.074724 0.770000 0.330000 0.130000 0.270000 0.400000 0.780000 0.600000 0.420000 
-1.023734 -3.534377 10.062645 0.630000 0.730000 0.930000 0.050000 0.850000 0.320000 0.770000 0.260000 
-2.281335 -3.879744 9.650809 0.180000 0.520000 0.670000 0.650000 0.780000 0.990000 0.070000 0.370000 
0.440000 0.850000 0.700000 0.090000 0.640000 0.630000 0.390000 0.240000 0.570000 0.240000 0.600000 
0.390000 0.390000 0.860000 0.850000 0.960000 0.230000 0.170000 0.730000 0.490000 0.420000 0.710000 
0.630000 0.120000 0.230000 0.310000 0.770000 0.530000 0.820000 0.850000 0.910000 0.260000 0.220000 
0.130000 0.870000 0.860000 0.280000 0.270000 0.630000 0.850000 0.510000 0.750000 0.770000 0.420000 
0.130000 0.620000 0.390000 0.360000 0.310000 0.640000 0.380000 0.730000 0.360000 0.010000 0.370000 
0.110000 0.840000 0.150000 0.170000 0.670000 0.520000 0.600000 0.450000 0.740000 0.730000 0.330000 

-3.137180 -3.844241 6.331609 0.750000 0.390000 0.630000 0.030000 0.680000 0.050000 0.160000 0.820000 
-3.569090 -4.747834 6.021393 0.090000 0.430000 0.380000 0.970000 0.960000 0.760000 0.600000 0.810000 
-3.708749 -4.272093 6.312935 0.950000 0.890000 0.930000 0.690000 0.630000 0.780000 0.810000 0.690000 
0.380000 0.090000 0.080000 0.530000 0.120000 0.290000 0.590000 0.800000 0.110000 0.550000 0.850000 
0.250000 0.160000 0.800000 0.630000 0.650000 0.770000 0.390000 0.260000 0.580000 0.820000 0.550000 
0.060000 0.770000 0.450000 0.510000 0.980000 0.600000 0.300000 0.320000 0.290000 0.200000 0.410000 
0.890000 0.260000 0.050000 0.700000 0.850000 0.850000 0.820000 0.920000 0.230000 0.590000 0.090000 
0.030000 0.220000 0.740000 0.800000 0.140000 0.520000 0.380000 0.480000 0.600000 0.440000 0.780000 
0.050000 0.480000 0.760000 0.170000 0.300000 0.080000 0.980000 0.500000 0.010000 0.390000 0.280000 

-3.725520 -4.167608 2.969715 0.440000 0.440000 0.580000 0.670000 0.030000 0.670000 0.700000 0.250000 
-2.938282 -3.814710 3.134331 0.460000 0.410000 0.400000 0.060000 0.380000 0.180000 0.630000 0.860000 
-4.246516 -4.756656 3.396059 0.070000 0.820000 0.180000 0.600000 0.210000 0.470000 0.670000 0.830000 
0.120000 0.630000 0.270000 0.700000 0.300000 0.300000 0.890000 0.520000 0.080000 0.830000 0.550000 
0.990000 0.810000 0.970000 0.390000 0.390000 0.350000 0.090000 0.540000 0.210000 0.080000 0.380000 
0.890000 0.670000 0.200000 0.590000 0.270000 0.410000 0.580000 0.460000 0.250000 0.710000 0.090000 
0.040000 0.930000 0.910000 0.350000 0.350000 0.440000 0.430000 0.700000 0.990000 0.420000 0.510000 
0.960000 0.340000 0.420000 0.310000 0.950000 0.960000 0.040000 0.550000 0.340000 0.450000 0.220000 
0.540000 0.050000 0.500000 0.470000 0.630000 0.480000 0.240000 0.860000 0.580000 0.290000 0.320000 

-4.478997 -4.594596 2.601252 0.450000 0.590000 0.370000 0.970000 0.530000 0.400000 0.930000 0.390000 
-3.741280 -4.262297 3.069090 0.300000 0.330000 0.420000 0.640000 0.790000 0.650000 0.700000 0.360000 
-4.103844 -3.749264 1.713746 0.150000 0.460000 0.380000 0.250000 0.750000 0.220000 0.270000 0.910000 
0.410000 0.240000 0.020000 0.780000 0.210000 0.550000 0.700000 0.670000 0.950000 0.520000 0.960000 
0.820000 0.340000 0.810000 0.240000 0.500000 0.600000 0.890000 0.200000 0.960000 0.080000 0.410000 
0.000000 0.760000 0.870000 0.380000 0.010000 0.140000 0.120000 0.800000 0.570000 0.530000 0.570000 
0.590000 0.830000 0.300000 0.150000 0.530000 0.490000 0.620000 0.570000 0.450000 0.440000 0.910000 
0.790000 0.680000 0.410000 0.390000 0.100000 0.130000 0.880000 0.700000 0.540000 0.880000 0.460000 
0.940000 0.780000 0.000000 0.080000 0.420000 0.320000 0.660000 0.950000 0.890000 0.770000 0.780000 

-4.870142 -4.337327 -0.163206 0.210000 0.060000 0.400000 0.670000 0.020000 0.310000 0.460000 0.230000 
-5.579936 -5.544069 0.281202 0.370000 0.770000 0.030000 0.430000 0.170000 0.020000 0.370000 0.470000 
-4.675382 -4.023328 -0.311403 0.340000 0.160000 0.360000 0.760000 0.450000 0.660000 0.960000 0.900000 
0.490000 0.170000 0.960000 0.410000 0.360000 0.990000 0.720000 0.340000 0.220000 0.480000 0.240000 
0.070000 0.850000 0.010000 0.620000 0.810000 0.710000 0.640000 0.700000 0.180000 0.180000 0.680000 
0.600000 0.530000 0.360000 0.960000 0.290000 0.820000 0.630000 0.770000 0.720000 0.120000 0.460000 
0.200000 0.540000 0.350000 0.710000 0.780000 0.690000 0.930000 0.270000 0.450000 0.520000 0.640000 
0.990000 0.150000 0.450000 0.700000 0.310000 0.680000 0.400000 0.500000 0.360000 0.000000 0.550000 
0.250000 0.970000 0.360000 0.590000 0.600000 0.130000 0.310000 0.240000 0.110000 0.030000 0.300000 

0.425949 -0.320234 0.502933 0.680000 0.200000 0.400000 0.130000 0.730000 0.040000 0.120000 0.400000 
-0.174946 -0.144687 0.208555 0.700000 0.750000 0.250000 0.580000 0.270000 0.800000 0.350000 0.240000 
0.828317 0.786513 -0.372017 0.810000 0.770000 0.130000 0.450000 0.810000 0.430000 0.910000 0.560000 
0.040000 0.590000 0.280000 0.440000 0.250000 0.010000 0.010000 0.890000 0.930000 0.550000 0.240000 
0.170000 0.770000 0.510000 0.420000 0.350000 0.780000 0.750000 0.710000 0.030000 0.430000 0.170000 
0.910000 0.770000 0.950000 0.040000 0.220000 0.280000 0.480000 0.650000 0.840000 0.520000 0.770000 
0.640000 0.490000 0.020000 0.180000 0.500000 0.910000 0.110000 0.570000 0.150000 0.800000 0.340000 
0.660000 0.750000 0.690000 0.970000 0.500000 0.920000 0.000000 0.450000 0.620000 0.910000 0.740000 
0.570000 0.960000 0.960000 0.850000 0.960000 0.140000 0.210000 0.000000 0.910000 0.850000 0.490000 

0.111075 -3.035509 3.526401 0.880000 0.670000 0.080000 0.560000 0.990000 0.420000 0.740000 0.740000 
-0.913092 -2.766254 3.990118 0.080000 0.710000 0.220000 0.700000 0.150000 0.480000 0.790000 0.630000 
-0.232212 -3.699521 3.855574 0.110000 0.890000 0.590000 0.540000 0.270000 0.610000 0.990000 0.820000 
0.640000 0.870000 0.490000 0.250000 0.430000 0.490000 0.670000 0.180000 0.750000 0.830000 0.890000 
0.520000 0.440000 0.130000 0.260000 0.660000 0.280000 0.740000 0.460000 0.430000 0.710000 0.620000 
0.020000 0.340000 0.520000 0.130000 0.880000 0.790000 0.260000 0.390000 0.610000 0.910000 0.270000 
0.630000 0.160000 0.220000 0.640000 0.350000 0.920000 0.910000 0.710000 0.340000 0.430000 0.150000 
0.470000 0.210000 0.810000 0.270000 0.480000 0.790000 0.700000 0.710000 0.420000 0.240000 0.060000 
0.460000 0.370000 0.460000 0.770000 0.640000 0.860000 0.900000 0.070000 0.650000 0.050000 0.230000 

-2.085215 -4.714067 6.656010 0.320000 0.610000 0.810000 0.180000 0.560000 0.960000 0.650000 0.300000 
-1.405140 -1.938703 5.086181 0.090000 0.140000 0.010000 0.030000 0.380000 0.590000 0.490000 0.750000 
-1.917873 -2.882736 5.793189 0.440000 0.690000 0.980000 0.610000 0.740000 0.210000 0.520000 0.960000 
0.320000 0.360000 0.570000 0.650000 0.540000 0.650000 0.140000 0.190000 0.950000 0.440000 0.630000 
0.250000 0.050000 0.770000 0.270000 0.090000 0.150000 0.860000 0.100000 0.430000 0.440000 0.890000 
0.340000 0.880000 0.100000 0.330000 0.010000 0.840000 0.060000 0.540000 0.320000 0.900000 0.900000 
0.410000 0.560000 0.450000 0.070000 0.700000 0.640000 0.540000 0.660000 0.800000 0.800000 0.710000 
0.570000 0.070000 0.800000 0.250000 0.450000 0.910000 0.680000 0.900000 0.320000 0.020000 0.300000 
0.420000 0.870000 0.320000 0.780000 0.940000 0.860000 0.110000 0.360000 0.760000 0.520000 0.440000 

-3.611480 -5.363256 2.566453 0.900000 0.660000 0.320000 0.700000 0.460000 0.040000 0.270000 0.050000 
-3.994113 -4.461708 1.941942 0.790000 0.720000 0.400000 0.110000 0.270000 0.710000 0.050000 0.140000 
-3.398139 -3.985991 2.153836 0.410000 0.470000 0.490000 0.690000 0.510000 0.930000 0.430000 0.630000 
0.600000 0.850000 0.290000 0.920000 0.550000 0.270000 0.960000 0.340000 0.320000 0.850000 0.390000 
0.340000 0.640000 0.630000 0.270000 0.280000 0.900000 0.980000 0.330000 0.570000 0.050000 0.690000 
0.690000 0.460000 0.160000 0.180000 0.670000 0.680000 0.120000 0.620000 0.830000 0.720000 0.470000 
0.640000 0.160000 0.020000 0.910000 0.650000 0.890000 0.750000 0.500000 0.800000 0.610000 0.140000 
0.430000 0.880000 0.420000 0.340000 0.380000 0.280000 0.430000 0.430000 0.970000 0.120000 0.410000 
0.140000 0.310000 0.090000 0.340000 0.950000 0.710000 0.690000 0.190000 0.710000 0.330000 0.350000 

-3.380721 -2.635715 2.900417 0.140000 0.030000 0.500000 0.940000 0.640000 0.170000 0.380000 0.530000 
-4.119864 -4.224216 4.030050 0.390000 0.670000 0.870000 0.370000 0.310000 0.280000 0.510000 0.620000 
-3.622608 -3.491973 3.258478 0.610000 0.060000 0.280000 0.840000 0.910000 0.640000 0.090000 0.670000 
0.640000 0.760000 0.220000 0.670000 0.220000 0.860000 0.840000 0.120000 0.910000 0.950000 0.360000 
0.350000 0.870000 0.550000 0.220000 0.240000 0.870000 0.500000 0.270000 0.010000 0.400000 0.640000 
0.110000 0.530000 0.220000 0.910000 0.370000 0.130000 0.550000 0.980000 0.320000 0.720000 0.740000 
0.060000 0.910000 0.970000 0.440000 0.270000 0.610000 0.360000 0.740000 0.980000 0.710000 0.610000 
0.050000 0.450000 0.850000 0.440000 0.470000 0.120000 0.460000 0.390000 0.280000 0.090000 0.920000 
0.500000 0.000000 0.810000 0.150000 0.080000 0.320000 0.990000 0.800000 0.580000 0.050000 0.710000 


0.000000 0.000000 0.000000 0.000000 0.000000 0.000000 0.000000 0.000000 0.000000 0.000000 0.000000 
0.000000 0.000000 0.000000 0.000000 0.000000 0.000000 0.000000 0.000000 0.000000 0.000000 0.000000 
0.000000 0.000000 0.000000 0.000000 0.000000 0.000000 0.000000 0.000000 0.000000 0.000000 0.000000 
0.000000 0.000000 0.000000 0.000000 0.000000 0.000000 0.000000 0.000000 0.000000 0.000000 0.000000 
0.000000 0.000000 0.000000 0.000000 0.000000 0.000000 0.000000 0.000000 0.000000 0.000000 0.000000 
0.000000 0.000000 0.000000 0.000000 0.000000 0.000000 0.000000 0.000000 0.000000 0.000000 0.000000 
0.000000 0.000000 0.000000 0.000000 0.000000 0.000000 0.000000 0.000000 0.000000 0.000000 0.000000 
0.000000 0.000000 0.000000 0.000000 0.000000 0.000000 0.000000 0.000000 0.000000 0.000000 0.000000 
0.000000 0.000000 0.000000 0.000000 0.000000 0.000000 0.000000 0.000000 0.000000 0.000000 0.000000 

0.000000 0.000000 0.000000 0.000000 0.000000 0.000000 0.000000 0.000000 0.000000 0.000000 0.000000 
0.000000 0.000000 0.000000 0.000000 0.000000 0.000000 0.000000 0.000000 0.000000 0.000000 0.000000 
0.000000 0.000000 0.000000 0.000000 0.000000 0.000000 0.000000 0.000000 0.000000 0.000000 0.000000 
0.000000 0.000000 0.000000 0.000000 0.000000 0.000000 0.000000 0.000000 0.000000 0.000000 0.000000 
0.000000 0.000000 0.000000 0.000000 0.000000 0.000000 0.000000 0.000000 0.000000 0.000000 0.000000 
0.000000 0.000000 0.000000 0.000000 0.000000 0.000000 0.000000 0.000000 0.000000 0.000000 0.000000 
0.000000 0.000000 0.000000 0.000000 0.000000 0.000000 0.000000 0.000000 0.000000 0.000000 0.000000 
0.000000 0.000000 0.000000 0.000000 0.000000 0.000000 0.000000 0.000000 0.000000 0.000000 0.000000 
0.000000 0.000000 0.000000 0.000000 0.000000 0.000000 0.000000 0.000000 0.000000 0.000000 0.000000 

0.000000 0.000000 0.000000 0.000000 0.000000 0.000000 0.000000 0.000000 0.000000 0.000000 0.000000 
0.000000 0.000000 0.000000 0.000000 0.000000 0.000000 0.000000 0.000000 0.000000 0.000000 0.000000 
0.000000 0.000000 0.000000 0.000000 0.000000 0.000000 0.000000 0.000000 0.000000 0.000000 0.000000 
0.000000 0.000000 0.000000 0.000000 0.000000 0.000000 0.000000 0.000000 0.000000 0.000000 0.000000 
0.000000 0.000000 0.000000 0.000000 0.000000 0.000000 0.000000 0.000000 0.000000 0.000000 0.000000 
0.000000 0.000000 0.000000 0.000000 0.000000 0.000000 0.000000 0.000000 0.000000 0.000000 0.000000 
0.000000 0.000000 0.000000 0.000000 0.000000 0.000000 0.000000 0.000000 0.000000 0.000000 0.000000 
0.000000 0.000000 0.000000 0.000000 0.000000 0.000000 0.000000 0.000000 0.000000 0.000000 0.000000 
0.000000 0.000000 0.000000 0.000000 0.000000 0.000000 0.000000 0.000000 0.000000 0.000000 0.000000 

0.000000 0.000000 0.000000 0.000000 0.000000 0.000000 0.000000 0.000000 0.000000 0.000000 0.000000 
0.000000 0.000000 0.000000 0.000000 0.000000 0.000000 0.000000 0.000000 0.000000 0.000000 0.000000 
0.000000 0.000000 0.000000 0.000000 0.000000 0.000000 0.000000 0.000000 0.000000 0.000000 0.000000 
0.000000 0.000000 0.000000 0.000000 0.000000 0.000000 0.000000 0.000000 0.000000 0.000000 0.000000 
0.000000 0.000000 0.000000 0.000000 0.000000 0.000000 0.000000 0.000000 0.000000 0.000000 0.000000 
0.000000 0.000000 0.000000 0.000000 0.000000 0.000000 0.000000 0.000000 0.000000 0.000000 0.000000 
0.000000 0.000000 0.000000 0.000000 0.000000 0.000000 0.000000 0.000000 0.000000 0.000000 0.000000 
0.000000 0.000000 0.000000 0.000000 0.000000 0.000000 0.000000 0.000000 0.000000 0.000000 0.000000 
0.000000 0.000000 0.000000 0.000000 0.000000 0.000000 0.000000 0.000000 0.000000 0.000000 0.000000 

0.000000 0.000000 0.000000 0.000000 0.000000 0.000000 0.000000 0.000000 0.000000 0.000000 0.000000 
0.000000 0.000000 0.000000 0.000000 0.000000 0.000000 0.000000 0.000000 0.000000 0.000000 0.000000 
0.000000 0.000000 0.000000 0.000000 0.000000 0.000000 0.000000 0.000000 0.000000 0.000000 0.000000 
0.000000 0.000000 0.000000 0.000000 0.000000 0.000000 0.000000 0.000000 0.000000 0.000000 0.000000 
0.000000 0.000000 0.000000 0.000000 0.000000 0.000000 0.000000 0.000000 0.000000 0.000000 0.000000 
0.000000 0.000000 0.000000 0.000000 0.000000 0.000000 0.000000 0.000000 0.000000 0.000000 0.000000 
0.000000 0.000000 0.000000 0.000000 0.000000 0.000000 0.000000 0.000000 0.000000 0.000000 0.000000 
0.000000 0.000000 0.000000 0.000000 0.000000 0.000000 0.000000 0.000000 0.000000 0.000000 0.000000 
0.000000 0.000000 0.000000 0.000000 0.000000 0.000000 0.000000 0.000000 0.000000 0.000000 0.000000 

0.000000 0.000000 0.000000 0.000000 0.000000 0.000000 0.000000 0.000000 0.000000 0.000000 0.000000 
0.000000 0.000000 0.000000 0.000000 0.000000 0.000000 0.000000 0.000000 0.000000 0.000000 0.000000 
0.000000 0.000000 0.000000 0.000000 0.000000 0.000000 0.000000 0.000000 0.000000 0.000000 0.000000 
0.000000 0.000000 0.000000 0.000000 0.000000 0.000000 0.000000 0.000000 0.000000 0.000000 0.000000 
0.000000 0.000000 0.000000 0.000000 0.000000 0.000000 0.000000 0.000000 0.000000 0.000000 0.000000 
0.000000 0.000000 0.000000 0.000000 0.000000 0.000000 0.000000 0.000000 0.000000 0.000000 0.000000 
0.000000 0.000000 0.000000 0.000000 0.000000 0.000000 0.000000 0.000000 0.000000 0.000000 0.000000 
0.000000 0.000000 0.000000 0.000000 0.000000 0.000000 0.000000 0.000000 0.000000 0.000000 0.000000 
0.000000 0.000000 0.000000 0.000000 0.000000 0.000000 0.000000 0.000000 0.000000 0.000000 0.000000 

0.000000 0.000000 0.000000 0.000000 0.000000 0.000000 0.000000 0.000000 0.000000 0.000000 0.000000 
0.000000 0.000000 0.000000 0.000000 0.000000 0.000000 0.000000 0.000000 0.000000 0.000000 0.000000 
0.000000 0.000000 0.000000 0.000000 0.000000 0.000000 0.000000 0.000000 0.000000 0.000000 0.000000 
0.000000 0.000000 0.000000 0.000000 0.000000 0.000000 0.000000 0.000000 0.000000 0.000000 0.000000 
0.000000 0.000000 0.000000 0.000000 0.000000 0.000000 0.000000 0.000000 0.000000 0.000000 0.000000 
0.000000 0.000000 0.000000 0.000000 0.000000 0.000000 0.000000 0.000000 0.000000 0.000000 0.000000 
0.000000 0.000000 0.000000 0.000000 0.000000 0.000000 0.000000 0.000000 0.000000 0.000000 0.000000 
0.000000 0.000000 0.000000 0.000000 0.000000 0.000000 0.000000 0.000000 0.000000 0.000000 0.000000 
0.000000 0.000000 0.000000 0.000000 0.000000 0.000000 0.000000 0.000000 0.000000 0.000000 0.000000 

0.000000 0.000000 0.000000 0.000000 0.000000 0.000000 0.000000 0.000000 0.000000 0.000000 0.000000 
0.000000 0.000000 0.000000 0.000000 0.000000 0.000000 0.000000 0.000000 0.000000 0.000000 0.000000 
0.000000 0.000000 0.000000 0.000000 0.000000 0.000000 0.000000 0.000000 0.000000 0.000000 0.000000 
0.000000 0.000000 0.000000 0.000000 0.000000 0.000000 0.000000 0.000000 0.000000 0.000000 0.000000 
0.000000 0.000000 0.000000 0.000000 0.000000 0.000000 0.000000 0.000000 0.000000 0.000000 0.000000 
0.000000 0.000000 0.000000 0.000000 0.000000 0.000000 0.000000 0.000000 0.000000 0.000000 0.000000 
0.000000 0.000000 0.000000 0.000000 0.000000 0.000000 0.000000 0.000000 0.000000 0.000000 0.000000 
0.000000 0.000000 0.000000 0.000000 0.000000 0.000000 0.000000 0.000000 0.000000 0.000000 0.000000 
0.000000 0.000000 0.000000 0.000000 0.000000 0.000000 0.000000 0.000000 0.000000 0.000000 0.000000 

0.000000 0.000000 0.000000 0.000000 0.000000 0.000000 0.000000 0.000000 0.000000 0.000000 0.000000 
0.000000 0.000000 0.000000 0.000000 0.000000 0.000000 0.000000 0.000000 0.000000 0.000000 0.000000 
0.000000 0.000000 0.000000 0.000000 0.000000 0.000000 0.000000 0.000000 0.000000 0.000000 0.000000 
0.000000 0.000000 0.000000 0.000000 0.000000 0.000000 0.000000 0.000000 0.000000 0.000000 0.000000 
0.000000 0.000000 0.000000 0.000000 0.000000 0.000000 0.000000 0.000000 0.000000 0.000000 0.000000 
0.000000 0.000000 0.000000 0.000000 0.000000 0.000000 0.000000 0.000000 0.000000 0.000000 0.000000 
0.000000 0.000000 0.000000 0.000000 0.000000 0.000000 0.000000 0.000000 0.000000 0.000000 0.000000 
0.000000 0.000000 0.000000 0.000000 0.000000 0.000000 0.000000 0.000000 0.000000 0.000000 0.000000 
0.000000 0.000000 0.000000 0.000000 0.000000 0.000000 0.000000 0.000000 0.000000 0.000000 0.000000 

0.000000 0.000000 0.000000 0.000000 0.000000 0.000000 0.000000 0.000000 0.000000 0.000000 0.000000 
0.000000 0.000000 0.000000 0.000000 0.000000 0.000000 0.000000 0.000000 0.000000 0.000000 0.000000 
0.000000 0.000000 0.000000 0.000000 0.000000 0.000000 0.000000 0.000000 0.000000 0.000000 0.000000 
0.000000 0.000000 0.000000 0.000000 0.000000 0.000000 0.000000 0.000000 0.000000 0.000000 0.000000 
0.000000 0.000000 0.000000 0.000000 0.000000 0.000000 0.000000 0.000000 0.000000 0.000000 0.000000 
0.000000 0.000000 0.000000 0.000000 0.000000 0.000000 0.000000 0.000000 0.000000 0.000000 0.000000 
0.000000 0.000000 0.000000 0.000000 0.000000 0.000000 0.000000 0.000000 0.000000 0.000000 0.000000 
0.000000 0.000000 0.000000 0.000000 0.000000 0.000000 0.000000 0.000000 0.000000 0.000000 0.000000 
0.000000 0.000000 0.000000 0.000000 0.000000 0.000000 0.000000 0.000000 0.000000 0.000000 0.000000 

0.000000 0.000000 0.000000 0.000000 0.000000 0.000000 0.000000 0.000000 0.000000 0.000000 0.000000 
0.000000 0.000000 0.000000 0.000000 0.000000 0.000000 0.000000 0.000000 0.000000 0.000000 0.000000 
0.000000 0.000000 0.000000 0.000000 0.000000 0.000000 0.000000 0.000000 0.000000 0.000000 0.000000 
0.000000 0.000000 0.000000 0.000000 0.000000 0.000000 0.000000 0.000000 0.000000 0.000000 0.000000 
0.000000 0.000000 0.000000 0.000000 0.000000 0.000000 0.000000 0.000000 0.000000 0.000000 0.000000 
0.000000 0.000000 0.000000 0.000000 0.000000 0.000000 0.000000 0.000000 0.000000 0.000000 0.000000 
0.000000 0.000000 0.000000 0.000000 0.000000 0.000000 0.000000 0.000000 0.000000 0.000000 0.000000 
0.000000 0.000000 0.000000 0.000000 0.000000 0.000000 0.000000 0.000000 0.000000 0.000000 0.000000 
0.000000 0.000000 0.000000 0.000000 0.000000 0.000000 0.000000 0.000000 0.000000 0.000000 0.000000 

0.000000 0.000000 0.000000 0.000000 0.000000 0.000000 0.000000 0.000000 0.000000 0.000000 0.000000 
0.000000 0.000000 0.000000 0.000000 0.000000 0.000000 0.000000 0.000000 0.000000 0.000000 0.000000 
0.000000 0.000000 0.000000 0.000000 0.000000 0.000000 0.000000 0.000000 0.000000 0.000000 0.000000 
0.000000 0.000000 0.000000 0.000000 0.000000 0.000000 0.000000 0.000000 0.000000 0.000000 0.000000 
0.000000 0.000000 0.000000 0.000000 0.000000 0.000000 0.000000 0.000000 0.000000 0.000000 0.000000 
0.000000 0.000000 0.000000 0.000000 0.000000 0.000000 0.000000 0.000000 0.000000 0.000000 0.000000 
0.000000 0.000000 0.000000 0.000000 0.000000 0.000000 0.000000 0.000000 0.000000 0.000000 0.000000 
0.000000 0.000000 0.000000 0.000000 0.000000 0.000000 0.000000 0.000000 0.000000 0.000000 0.000000 
0.000000 0.000000 0.000000 0.000000 0.000000 0.000000 0.000000 0.000000 0.000000 0.000000 0.000000 

0.000000 0.000000 0.000000 0.000000 0.000000 0.000000 0.000000 0.000000 0.000000 0.000000 0.000000 
0.000000 0.000000 0.000000 0.000000 0.000000 0.000000 0.000000 0.000000 0.000000 0.000000 0.000000 
0.000000 0.000000 0.000000 0.000000 0.000000 0.000000 0.000000 0.000000 0.000000 0.000000 0.000000 
0.000000 0.000000 0.000000 0.000000 0.000000 0.000000 0.000000 0.000000 0.000000 0.000000 0.000000 
0.000000 0.000000 0.000000 0.000000 0.000000 0.000000 0.000000 0.000000 0.000000 0.000000 0.000000 
0.000000 0.000000 0.000000 0.000000 0.000000 0.000000 0.000000 0.000000 0.000000 0.000000 0.000000 
0.000000 0.000000 0.000000 0.000000 0.000000 0.000000 0.000000 0.000000 0.000000 0.000000 0.000000 
0.000000 0.000000 0.000000 0.000000 0.000000 0.000000 0.000000 0.000000 0.000000 0.000000 0.000000 
0.000000 0.000000 0.000000 0.000000 0.000000 0.000000 0.000000 0.000000 0.000000 0.000000 0.000000 

0.000000 0.000000 0.000000 0.000000 0.000000 0.000000 0.000000 0.000000 0.000000 0.000000 0.000000 
0.000000 0.000000 0.000000 0.000000 0.000000 0.000000 0.000000 0.000000 0.000000 0.000000 0.000000 
0.000000 0.000000 0.000000 0.000000 0.000000 0.000000 0.000000 0.000000 0.000000 0.000000 0.000000 
0.000000 0.000000 0.000000 0.000000 0.000000 0.000000 0.000000 0.000000 0.000000 0.000000 0.000000 
0.000000 0.000000 0.000000 0.000000 0.000000 0.000000 0.000000 0.000000 0.000000 0.000000 0.000000 
0.000000 0.000000 0.000000 0.000000 0.000000 0.000000 0.000000 0.000000 0.000000 0.000000 0.000000 
0.000000 0.000000 0.000000 0.000000 0.000000 0.000000 0.000000 0.000000 0.000000 0.000000 0.000000 
0.000000 0.000000 0.000000 0.000000 0.000000 0.000000 0.000000 0.000000 0.000000 0.000000 0.000000 
0.000000 0.000000 0.000000 0.000000 0.000000 0.000000 0.000000 0.000000 0.000000 0.000000 0.000000 

0.000000 0.000000 0.000000 0.000000 0.000000 0.000000 0.000000 0.000000 0.000000 0.000000 0.000000 
0.000000 0.000000 0.000000 0.000000 0.000000 0.000000 0.000000 0.000000 0.000000 0.000000 0.000000 
0.000000 0.000000 0.000000 0.000000 0.000000 0.000000 0.000000 0.000000 0.000000 0.000000 0.000000 
0.000000 0.000000 0.000000 0.000000 0.000000 0.000000 0.000000 0.000000 0.000000 0.000000 0.000000 
0.000000 0.000000 0.000000 0.000000 0.000000 0.000000 0.000000 0.000000 0.000000 0.000000 0.000000 
0.000000 0.000000 0.000000 0.000000 0.000000 0.000000 0.000000 0.000000 0.000000 0.000000 0.000000 
0.000000 0.000000 0.000000 0.000000 0.000000 0.000000 0.000000 0.000000 0.000000 0.000000 0.000000 
0.000000 0.000000 0.000000 0.000000 0.000031 0.000029 0.000097 0.000043 0.000002 0.000000 0.000000 
0.000000 0.000000 0.000045 0.000279 0.000021 0.000019 0.000000 0.000000 -0.000000 0.000000 0.000001 


-1.252391 -0.362332 -0.020791 -0.105160 -0.668352 -0.272022 -0.017649 -0.067016 0.138714 -0.295557 -0.069092 -0.330980 1.051817 0.021722 -0.004128 0.994845 0.307181 0.284036 0.013845 0.059024 0.376189 0.092123 -0.019228 -0.771016 1.505829 0.493442 0.167852 0.309539 0.681533 0.090476 -0.003258 -0.088294 0.682906 -0.215938 -0.130061 -0.128389 1.427526 0.115031 -0.055973 -0.566007 0.231057 0.188465 -0.109150 -0.082563 0.296125 0.122377 -0.024125 -0.303677 1.305346 -0.175138 -0.544273 -0.103835 0.632713 -0.127664 -0.077858 -0.418470 0.003210 -0.045844 -0.045452 -0.414563 4.409070 0.477048 0.084479 0.295922 1.522455 -0.070927 -0.031062 0.198211 0.529862 -0.031764 -0.050725 -0.410897 1.910427 0.217410 -0.029547 -0.496732 0.865031 0.019601 -0.001715 -0.532517 0.276850 -0.089531 -0.031855 -0.544335 1.263550 -0.061102 -0.230200 -0.510352 0.513350 -0.084971 -0.172750 -0.853104 0.373096 0.134530 -0.005183 -0.236926 0.875996 0.334907 -0.043777 -0.275493 0.468892 0.239563 -0.017619 0.101391 0.280569 0.143655 -0.048549 -0.183286 0.722798 -0.024050 -0.151997 -0.873031 0.422189 0.150604 -0.017412 -0.861040 -0.149534 -0.024539 -0.037619 -0.696448 -0.117200 -1.136357 -0.702244 0.241179 0.060531 -0.110009 -0.103328 -0.219188 0.042183 0.138908 0.010776 -0.414387 2.000826 0.002338 -0.128653 -0.090575 0.398070 -0.151066 -0.050934 -0.277200 0.194107 0.002111 -0.035423 -0.663796 2.672984 0.444877 0.115797 0.570866 1.262708 0.338847 0.054221 0.024479 0.478180 0.203243 -0.010307 -0.340597 0.751394 -0.173927 -0.097485 0.107967 0.267817 0.059455 -0.039638 -0.634245 -0.101855 0.012387 -0.021306 -0.014728 1.361761 0.610848 0.006370 -0.453873 0.098939 0.459270 0.014687 -0.591821 0.403934 0.255317 0.018735 -0.340204 
1.252393 0.362332 0.020791 0.105160 0.668352 0.272021 0.017649 0.067016 -0.138715 0.295557 0.069092 0.330981 -1.051817 -0.021721 0.004128 -0.994844 -0.307181 -0.284035 -0.013845 -0.059024 -0.376189 -0.092122 0.019228 0.771015 -1.505830 -0.493443 -0.167851 -0.309539 -0.681535 -0.090476 0.003258 0.088294 -0.682907 0.215939 0.130061 0.128389 -1.427524 -0.115030 0.055974 0.566008 -0.231057 -0.188465 0.109150 0.082564 -0.296126 -0.122377 0.024126 0.303677 -1.305345 0.175138 0.544273 0.103835 -0.632713 0.127664 0.077858 0.418470 -0.003210 0.045845 0.045452 0.414563 -4.409071 -0.477049 -0.084479 -0.295922 -1.522454 0.070927 0.031062 -0.198211 -0.529862 0.031765 0.050726 0.410897 -1.910427 -0.217409 0.029547 0.496733 -0.865031 -0.019601 0.001715 0.532517 -0.276849 0.089532 0.031856 0.544335 -1.263549 0.061102 0.230200 0.510353 -0.513350 0.084971 0.172750 0.853105 -0.373097 -0.134530 0.005183 0.236926 -0.875994 -0.334907 0.043777 0.275493 -0.468893 -0.239563 0.017620 -0.101390 -0.280568 -0.143655 0.048550 0.183286 -0.722797 0.024049 0.151997 0.873031 -0.422189 -0.150604 0.017412 0.861041 0.149534 0.024539 0.037619 0.696449 0.117200 1.136357 0.702244 -0.241178 -0.060530 0.110009 0.103329 0.219189 -0.042183 -0.138907 -0.010776 0.414388 -2.000824 -0.002338 0.128652 0.090576 -0.398070 0.151067 0.050934 0.277199 -0.194107 -0.002111 0.035423 0.663795 -2.672983 -0.444877 -0.115797 -0.570866 -1.262708 -0.338847 -0.054220 -0.024478 -0.478180 -0.203243 0.010307 0.340597 -0.751392 0.173927 0.097485 -0.107966 -0.267817 -0.059455 0.039638 0.634245 0.101855 -0.012387 0.021306 0.014728 -1.361761 -0.610849 -0.006370 0.453873 -0.098938 -0.459270 -0.014687 0.591820 -0.403934 -0.255317 -0.018734 0.340205 
-9.592878
9.593231
