-31.117346 -88.672134 -29.993216 0.930000 0.970000 0.300000 0.080000 0.680000 0.190000 0.280000 0.790000 
-45.678993 -108.285309 -25.928204 0.150000 0.660000 0.370000 0.160000 0.470000 0.050000 0.990000 0.990000 
-35.066353 -78.472778 -24.770899 0.440000 0.390000 0.770000 0.000000 0.290000 0.360000 0.920000 0.500000 
0.210000 0.380000 0.480000 0.510000 0.460000 0.160000 0.220000 0.740000 0.950000 0.500000 0.180000 
0.970000 0.170000 0.840000 0.350000 0.340000 0.840000 0.400000 0.850000 0.830000 0.700000 0.060000 
0.320000 0.660000 0.450000 0.090000 0.660000 0.260000 0.970000 0.110000 0.770000 0.180000 0.490000 
0.250000 0.220000 0.950000 0.930000 0.440000 0.210000 0.400000 0.470000 0.920000 0.900000 0.160000 
0.280000 0.770000 0.500000 0.120000 0.690000 0.870000 0.470000 0.390000 0.930000 0.800000 0.580000 
0.910000 0.410000 0.760000 0.170000 0.390000 0.870000 0.460000 0.570000 0.360000 0.230000 0.310000 

-90.927460 -49.721561 25.553751 0.570000 0.090000 0.750000 0.010000 0.990000 0.910000 0.810000 0.760000 
-15.305398 -33.548397 -31.364857 0.810000 0.930000 0.360000 0.270000 0.250000 0.940000 0.700000 0.670000 
-68.036682 -66.916321 -0.999128 0.100000 0.860000 0.150000 0.990000 0.090000 0.990000 0.340000 0.780000 
0.270000 0.430000 0.870000 0.020000 0.440000 0.860000 0.450000 0.260000 0.140000 0.910000 0.720000 
0.110000 0.250000 0.170000 0.470000 0.040000 0.430000 0.940000 0.740000 0.100000 0.170000 0.130000 
0.680000 0.790000 0.990000 0.350000 0.300000 0.610000 0.340000 0.650000 0.390000 0.130000 0.080000 
0.260000 0.150000 0.050000 0.640000 0.130000 0.830000 0.780000 0.560000 0.070000 0.890000 0.330000 
0.240000 0.880000 0.370000 0.670000 0.340000 0.110000 0.290000 0.030000 0.250000 0.490000 0.830000 
0.760000 0.370000 0.130000 0.370000 0.230000 0.300000 0.280000 0.370000 0.910000 0.540000 0.040000 

6.783243 -29.300587 -36.738937 0.310000 0.480000 0.260000 0.380000 0.890000 0.110000 0.140000 0.300000 
-46.252514 -21.793118 7.537507 0.120000 0.150000 0.680000 0.890000 0.650000 0.030000 0.660000 0.540000 
-24.309458 -29.043276 -6.148657 0.990000 0.840000 0.660000 0.900000 0.900000 0.230000 0.860000 0.610000 
0.920000 0.690000 0.090000 0.700000 0.590000 0.510000 0.820000 0.730000 0.330000 0.830000 0.070000 
0.970000 0.950000 0.230000 0.170000 0.850000 0.400000 0.200000 0.030000 0.460000 0.890000 0.580000 
0.750000 0.880000 0.420000 0.940000 0.780000 0.330000 0.170000 0.160000 0.940000 0.090000 0.370000 
0.550000 0.320000 0.960000 0.580000 0.660000 0.690000 0.910000 0.490000 0.290000 0.410000 0.440000 
0.520000 0.100000 0.290000 0.440000 0.830000 0.320000 0.420000 0.720000 0.430000 0.170000 0.120000 
0.370000 0.110000 0.420000 0.700000 0.800000 0.100000 0.160000 0.420000 0.470000 0.240000 0.740000 

-4.147252 -7.051357 -12.251315 0.120000 0.780000 0.890000 0.930000 0.190000 0.850000 0.450000 0.290000 
-38.240509 -33.955647 15.117573 0.510000 0.830000 0.360000 0.940000 0.530000 0.000000 0.320000 0.160000 
8.663762 -13.573958 -22.938145 0.040000 0.230000 0.390000 0.510000 0.470000 0.650000 0.940000 0.330000 
0.570000 0.590000 0.110000 0.460000 0.520000 0.300000 0.830000 0.500000 0.120000 0.500000 0.430000 
0.760000 0.020000 0.790000 0.130000 0.960000 0.320000 0.130000 0.800000 0.000000 0.080000 0.350000 
0.490000 0.120000 0.580000 0.880000 0.160000 0.570000 0.050000 0.620000 0.900000 0.620000 0.730000 
0.540000 0.600000 0.780000 0.840000 0.440000 0.800000 0.480000 0.940000 0.230000 0.250000 0.960000 
0.020000 0.900000 0.450000 0.860000 0.550000 0.250000 0.390000 0.150000 0.120000 0.880000 0.800000 
0.700000 0.290000 0.960000 0.790000 0.340000 0.100000 0.220000 0.490000 0.840000 0.760000 0.090000 

-17.063488 -0.092725 7.860147 0.420000 0.130000 0.000000 0.170000 0.900000 0.960000 0.720000 0.800000 
-6.748673 -2.113981 3.483524 0.190000 0.490000 0.550000 0.310000 0.380000 0.350000 0.540000 0.670000 
2.004822 6.189801 -5.848283 0.930000 0.070000 0.020000 0.770000 0.350000 0.120000 0.910000 0.000000 
0.650000 0.330000 0.130000 0.650000 0.510000 0.030000 0.140000 0.230000 0.350000 0.070000 0.330000 
0.740000 0.780000 0.830000 0.290000 0.620000 0.730000 0.640000 0.680000 0.400000 0.470000 0.530000 
0.930000 0.410000 0.130000 0.960000 0.700000 0.000000 0.080000 0.620000 0.000000 0.250000 0.470000 
0.650000 0.430000 0.500000 0.680000 0.090000 0.250000 0.550000 0.680000 0.110000 0.300000 0.470000 
0.460000 0.590000 0.610000 0.190000 0.240000 0.290000 0.590000 0.230000 0.340000 0.040000 0.160000 
0.990000 0.520000 0.870000 0.520000 0.600000 0.010000 0.520000 0.380000 0.000000 0.180000 0.330000 

-81.815788 -41.890846 11.680048 0.280000 0.940000 0.620000 0.390000 0.240000 0.610000 0.850000 0.350000 
-82.011848 -25.768198 14.889409 0.030000 0.150000 0.350000 0.900000 0.200000 0.510000 0.410000 0.720000 
-14.032554 -16.042990 -48.109367 0.910000 0.460000 0.750000 0.440000 0.160000 0.080000 0.950000 0.060000 
0.020000 0.750000 0.000000 0.160000 0.150000 0.760000 0.780000 0.000000 0.120000 0.520000 0.570000 
0.230000 0.080000 0.720000 0.580000 0.500000 0.440000 0.620000 0.910000 0.170000 0.520000 0.850000 
0.540000 0.960000 0.830000 0.290000 0.400000 0.990000 0.890000 0.870000 0.050000 0.430000 0.620000 
0.580000 0.110000 0.290000 0.860000 0.410000 0.300000 0.500000 0.940000 0.390000 0.260000 0.540000 
0.110000 0.360000 0.040000 0.080000 0.980000 0.950000 0.250000 0.510000 0.320000 0.310000 0.990000 
0.150000 0.120000 0.390000 0.140000 0.010000 0.260000 0.720000 0.960000 0.400000 0.820000 0.070000 

-45.174141 -79.223717 -4.385563 0.520000 0.230000 0.950000 0.910000 0.490000 0.490000 0.540000 0.850000 
-34.633114 -101.589600 -25.130713 0.520000 0.390000 0.390000 0.850000 0.220000 0.380000 0.000000 0.340000 
-8.803000 -59.853413 -42.175385 0.550000 0.910000 0.830000 0.470000 0.730000 0.430000 0.170000 0.450000 
0.920000 0.210000 0.680000 0.390000 0.640000 0.170000 0.400000 0.710000 0.550000 0.970000 0.850000 
0.910000 0.490000 0.770000 0.300000 0.860000 0.990000 0.680000 0.870000 0.340000 0.970000 0.060000 
0.730000 0.520000 0.970000 0.570000 0.990000 0.700000 0.520000 0.690000 0.150000 0.960000 0.420000 
0.840000 0.350000 0.070000 0.530000 0.270000 0.780000 0.600000 0.240000 0.630000 0.510000 0.730000 
0.400000 0.330000 0.600000 0.400000 0.530000 0.990000 0.260000 0.500000 0.050000 0.990000 0.540000 
0.020000 0.080000 0.060000 0.240000 0.120000 0.750000 0.910000 0.080000 0.690000 0.270000 0.950000 

-45.735718 -7.388859 30.886747 0.540000 0.410000 0.460000 0.700000 0.450000 0.720000 0.100000 0.780000 
11.220017 4.782874 -12.326054 0.830000 0.800000 0.340000 0.880000 0.320000 0.890000 0.420000 0.400000 
-13.246882 -5.146773 -0.808585 0.220000 0.090000 0.130000 0.910000 0.370000 0.090000 0.200000 0.180000 
0.830000 0.740000 0.110000 0.820000 0.440000 0.560000 0.540000 0.070000 0.870000 0.380000 0.090000 
0.710000 0.730000 0.900000 0.050000 0.130000 0.220000 0.940000 0.550000 0.140000 0.410000 0.730000 
0.190000 0.150000 0.820000 0.850000 0.590000 0.190000 0.460000 0.790000 0.890000 0.290000 0.530000 
0.530000 0.110000 0.500000 0.090000 0.170000 0.570000 0.480000 0.550000 0.180000 0.190000 0.800000 
0.080000 0.250000 0.930000 0.820000 0.710000 0.000000 0.490000 0.650000 0.250000 0.680000 0.800000 
0.080000 0.050000 0.390000 0.790000 0.510000 0.180000 0.210000 0.810000 0.240000 0.740000 0.440000 

26.915953 -3.902405 -14.227728 0.830000 0.360000 0.690000 0.010000 0.550000 0.500000 0.620000 0.320000 
4.694183 -4.050848 1.714435 0.960000 0.450000 0.210000 0.210000 0.660000 0.010000 0.810000 0.710000 
4.344519 -6.317621 6.624789 0.110000 0.340000 0.040000 0.350000 0.600000 0.000000 0.610000 0.470000 
0.620000 0.440000 0.830000 0.320000 0.460000 0.910000 0.820000 0.080000 0.750000 0.770000 0.040000 
0.310000 0.730000 0.500000 0.520000 0.470000 0.160000 0.060000 0.280000 0.870000 0.990000 0.930000 
0.620000 0.620000 0.790000 0.180000 0.980000 0.390000 0.190000 0.110000 0.390000 0.810000 0.560000 
0.740000 0.130000 0.020000 0.650000 0.470000 0.620000 0.930000 0.770000 0.180000 0.240000 0.500000 
0.680000 0.290000 0.490000 0.360000 0.870000 0.300000 0.760000 0.860000 0.230000 0.380000 0.480000 
0.030000 0.570000 0.980000 0.940000 0.760000 0.100000 0.850000 0.090000 0.180000 0.600000 0.750000 

-6.459646 -8.237353 0.055610 0.340000 0.700000 0.990000 0.520000 0.470000 0.020000 0.730000 0.760000 
3.299548 -12.137404 -7.755642 0.330000 0.850000 0.010000 0.570000 0.760000 0.010000 0.120000 0.330000 
-22.448044 -22.560274 13.315531 0.140000 0.920000 0.700000 0.320000 0.040000 0.450000 0.040000 0.810000 
0.200000 0.900000 0.040000 0.710000 0.420000 0.510000 0.250000 0.150000 0.270000 0.290000 0.770000 
0.420000 0.620000 0.140000 0.430000 0.710000 0.900000 0.960000 0.830000 0.750000 0.480000 0.420000 
0.360000 0.620000 0.860000 0.590000 0.460000 0.900000 0.560000 0.500000 0.230000 0.760000 0.400000 
0.270000 0.000000 0.350000 0.780000 0.250000 0.020000 0.570000 0.060000 0.790000 0.510000 0.210000 
0.940000 0.460000 0.920000 0.360000 0.430000 0.280000 0.120000 0.430000 0.220000 0.000000 0.060000 
0.080000 0.590000 0.040000 0.500000 0.680000 0.550000 0.730000 0.440000 0.470000 0.530000 0.960000 

16.966549 -3.882374 -11.820013 0.370000 0.410000 0.800000 0.160000 0.440000 0.010000 0.620000 0.910000 
17.954298 -6.352137 -12.064128 0.260000 0.630000 0.770000 0.480000 0.630000 0.350000 0.080000 0.750000 
-27.350874 -25.317791 29.125099 0.470000 0.830000 0.390000 0.460000 0.360000 0.880000 0.810000 0.200000 
0.620000 0.180000 0.130000 0.420000 0.860000 0.570000 0.960000 0.010000 0.480000 0.940000 0.520000 
0.340000 0.720000 0.670000 0.640000 0.200000 0.820000 0.510000 0.280000 0.570000 0.430000 0.380000 
0.520000 0.900000 0.210000 0.440000 0.890000 0.100000 0.320000 0.220000 0.300000 0.940000 0.920000 
0.430000 0.880000 0.780000 0.520000 0.360000 0.310000 0.010000 0.300000 0.350000 0.870000 0.020000 
0.020000 0.510000 0.740000 0.850000 0.030000 0.540000 0.940000 0.460000 0.440000 0.470000 0.890000 
0.660000 0.430000 0.300000 0.760000 0.750000 0.520000 0.580000 0.690000 0.440000 0.530000 0.090000 

12.451645 -1.629365 -16.773750 0.060000 0.580000 0.280000 0.410000 0.460000 0.310000 0.960000 0.970000 
0.742778 9.504060 -3.007252 0.120000 0.270000 0.990000 0.560000 0.260000 0.400000 0.740000 0.690000 
-31.050953 -22.691532 22.960201 0.220000 0.120000 0.650000 0.180000 0.650000 0.750000 0.920000 0.710000 
0.730000 0.980000 0.290000 0.010000 0.920000 0.750000 0.840000 0.880000 0.250000 0.420000 0.210000 
0.770000 0.060000 0.480000 0.280000 0.140000 0.270000 0.200000 0.410000 0.960000 0.900000 0.950000 
0.930000 0.640000 0.080000 0.580000 0.820000 0.730000 0.850000 0.270000 0.440000 0.580000 0.770000 
0.260000 0.600000 0.690000 0.530000 0.440000 0.090000 0.300000 0.380000 0.820000 0.080000 0.960000 
0.830000 0.880000 0.630000 0.100000 0.610000 0.040000 0.580000 0.030000 0.990000 0.510000 0.680000 
0.070000 0.100000 0.020000 0.330000 0.950000 0.290000 0.290000 0.060000 0.070000 0.550000 0.660000 

4.069102 -35.843670 -19.128017 0.900000 0.910000 0.530000 0.240000 0.510000 0.490000 0.070000 0.400000 
-21.398710 -36.996758 -0.446377 0.680000 0.280000 0.560000 0.200000 0.310000 0.240000 0.270000 0.410000 
-5.075253 -41.261200 -10.291265 0.600000 0.420000 0.950000 0.190000 0.970000 0.130000 0.480000 0.100000 
0.270000 0.900000 0.020000 0.320000 0.140000 0.530000 0.820000 0.740000 0.450000 0.460000 0.950000 
0.980000 0.670000 0.750000 0.550000 0.870000 0.070000 0.310000 0.660000 0.000000 0.620000 0.790000 
0.890000 0.230000 0.210000 0.360000 0.420000 0.700000 0.010000 0.420000 0.810000 0.810000 0.320000 
0.350000 0.130000 0.990000 0.880000 0.470000 0.250000 0.860000 0.460000 0.200000 0.360000 0.130000 
0.960000 0.430000 0.000000 0.550000 0.270000 0.180000 0.550000 0.890000 0.970000 0.970000 0.120000 
0.700000 0.850000 0.070000 0.410000 0.870000 0.490000 0.740000 0.680000 0.340000 0.090000 0.330000 

-28.599541 -14.750116 29.843723 0.100000 0.350000 0.270000 0.820000 0.720000 0.400000 0.300000 0.670000 
13.016994 -3.240899 -4.293903 0.100000 0.930000 0.840000 0.600000 0.900000 0.480000 0.300000 0.750000 
22.261562 2.149031 -15.054960 0.570000 0.970000 0.820000 0.910000 0.580000 0.680000 0.280000 0.080000 
0.490000 0.380000 0.430000 0.760000 0.200000 0.670000 0.680000 0.030000 0.350000 0.120000 0.880000 
0.810000 0.740000 0.810000 0.650000 0.340000 0.230000 0.140000 0.170000 0.990000 0.210000 0.920000 
0.130000 0.780000 0.420000 0.480000 0.210000 0.000000 0.160000 0.490000 0.080000 0.650000 0.390000 
0.520000 0.930000 0.600000 0.710000 0.610000 0.150000 0.580000 0.250000 0.550000 0.400000 0.990000 
0.890000 0.050000 0.860000 0.120000 0.710000 0.550000 0.110000 0.450000 0.470000 0.770000 0.230000 
0.410000 0.250000 0.970000 0.420000 0.410000 0.460000 0.500000 0.580000 0.860000 0.540000 0.510000 

43.331875 30.027376 -6.069274 0.130000 0.360000 0.890000 0.200000 0.760000 0.400000 0.090000 0.340000 
-21.817394 -1.219246 44.590401 0.330000 0.850000 0.020000 0.810000 0.620000 0.780000 0.220000 0.390000 
49.335377 20.560812 -13.086088 0.210000 0.670000 0.380000 0.590000 0.730000 0.410000 0.570000 0.510000 
0.050000 0.220000 0.880000 0.460000 0.430000 0.160000 0.870000 0.520000 0.020000 0.650000 0.260000 
0.600000 0.990000 0.640000 0.140000 0.320000 0.780000 0.920000 0.060000 0.180000 0.670000 0.230000 
0.500000 0.410000 0.900000 0.410000 0.000000 0.150000 0.820000 0.100000 0.670000 0.400000 0.320000 
0.070000 0.860000 0.750000 0.230000 0.250000 0.800000 0.260000 0.910000 0.580000 0.380000 0.420000 
0.220000 0.520000 0.740000 0.010000 0.970000 0.800000 0.190000 0.640000 0.030000 0.690000 0.050000 
0.450000 0.100000 0.580000 0.610000 0.450000 0.680000 0.800000 0.850000 0.000000 0.870000 0.230000 


0.000000 0.000000 0.000000 0.000000 0.000000 0.000000 0.000000 0.000000 0.000000 0.000000 0.000000 
0.000000 0.000000 0.000000 0.000000 0.000000 0.000000 0.000000 0.000000 0.000000 0.000000 0.000000 
0.000000 0.000000 0.000000 0.000000 0.000000 0.000000 0.000000 0.000000 0.000000 0.000000 0.000000 
0.000000 0.000000 0.000000 0.000000 0.000000 0.000000 0.000000 0.000000 0.000000 0.000000 0.000000 
0.000000 0.000000 0.000000 0.000000 0.000000 0.000000 0.000000 0.000000 0.000000 0.000000 0.000000 
0.000000 0.000000 0.000000 0.000000 0.000000 0.000000 0.000000 0.000000 0.000000 0.000000 0.000000 
0.000000 0.000000 0.000000 0.000000 0.000000 0.000000 0.000000 0.000000 0.000000 0.000000 0.000000 
0.000000 0.000000 0.000000 0.000000 0.000000 0.000000 0.000000 0.000000 0.000000 0.000000 0.000000 
0.000000 0.000000 0.000000 0.000000 0.000000 0.000000 0.000000 0.000000 0.000000 0.000000 0.000000 

0.000000 0.000000 0.000000 0.000000 0.000000 0.000000 0.000000 0.000000 0.000000 0.000000 0.000000 
0.000000 0.000000 0.000000 0.000000 0.000000 0.000000 0.000000 0.000000 0.000000 0.000000 0.000000 
0.000000 0.000000 0.000000 0.000000 0.000000 0.000000 0.000000 0.000000 0.000000 0.000000 0.000000 
0.000000 0.000000 0.000000 0.000000 0.000000 0.000000 0.000000 0.000000 0.000000 0.000000 0.000000 
0.000000 0.000000 0.000000 0.000000 0.000000 0.000000 0.000000 0.000000 0.000000 0.000000 0.000000 
0.000000 0.000000 0.000000 0.000000 0.000000 0.000000 0.000000 0.000000 0.000000 0.000000 0.000000 
0.000000 0.000000 0.000000 0.000000 0.000000 0.000000 0.000000 0.000000 0.000000 0.000000 0.000000 
0.000000 0.000000 0.000000 0.000000 0.000000 0.000000 0.000000 0.000000 0.000000 0.000000 0.000000 
0.000000 0.000000 0.000000 0.000000 0.000000 0.000000 0.000000 0.000000 0.000000 0.000000 0.000000 

0.000000 0.000000 0.000000 0.000000 0.000000 0.000000 0.000000 0.000000 0.000000 0.000000 0.000000 
0.000000 0.000000 0.000000 0.000000 0.000000 0.000000 0.000000 0.000000 0.000000 0.000000 0.000000 
0.000000 0.000000 0.000000 0.000000 0.000000 0.000000 0.000000 0.000000 0.000000 0.000000 0.000000 
0.000000 0.000000 0.000000 0.000000 0.000000 0.000000 0.000000 0.000000 0.000000 0.000000 0.000000 
0.000000 0.000000 0.000000 0.000000 0.000000 0.000000 0.000000 0.000000 0.000000 0.000000 0.000000 
0.000000 0.000000 0.000000 0.000000 0.000000 0.000000 0.000000 0.000000 0.000000 0.000000 0.000000 
0.000000 0.000000 0.000000 0.000000 0.000000 0.000000 0.000000 0.000000 0.000000 0.000000 0.000000 
0.000000 0.000000 0.000000 0.000000 0.000000 0.000000 0.000000 0.000000 0.000000 0.000000 0.000000 
0.000000 0.000000 0.000000 0.000000 0.000000 0.000000 0.000000 0.000000 0.000000 0.000000 0.000000 

0.000000 0.000000 0.000000 0.000000 0.000000 0.000000 0.000000 0.000000 0.000000 0.000000 0.000000 
0.000000 0.000000 0.000000 0.000000 0.000000 0.000000 0.000000 0.000000 0.000000 0.000000 0.000000 
0.000000 0.000000 0.000000 0.000000 0.000000 0.000000 0.000000 0.000000 0.000000 0.000000 0.000000 
0.000000 0.000000 0.000000 0.000000 0.000000 0.000000 0.000000 0.000000 0.000000 0.000000 0.000000 
0.000000 0.000000 0.000000 0.000000 0.000000 0.000000 0.000000 0.000000 0.000000 0.000000 0.000000 
0.000000 0.000000 0.000000 0.000000 0.000000 0.000000 0.000000 0.000000 0.000000 0.000000 0.000000 
0.000000 0.000000 0.000000 0.000000 0.000000 0.000000 0.000000 0.000000 0.000000 0.000000 0.000000 
0.000000 0.000000 0.000000 0.000000 0.000000 0.000000 0.000000 0.000000 0.000000 0.000000 0.000000 
0.000000 0.000000 0.000000 0.000000 0.000000 0.000000 0.000000 0.000000 0.000000 0.000000 0.000000 

0.000000 0.000000 0.000000 0.000000 0.000000 0.000000 0.000000 0.000000 0.000000 0.000000 0.000000 
0.000000 0.000000 0.000000 0.000000 0.000000 0.000000 0.000000 0.000000 0.000000 0.000000 0.000000 
0.000000 0.000000 0.000000 0.000000 0.000000 0.000000 0.000000 0.000000 0.000000 0.000000 0.000000 
0.000000 0.000000 0.000000 0.000000 0.000000 0.000000 0.000000 0.000000 0.000000 0.000000 0.000000 
0.000000 0.000000 0.000000 0.000000 0.000000 0.000000 0.000000 0.000000 0.000000 0.000000 0.000000 
0.000000 0.000000 0.000000 0.000000 0.000000 0.000000 0.000000 0.000000 0.000000 0.000000 0.000000 
0.000000 0.000000 0.000000 0.000000 0.000000 0.000000 0.000000 0.000000 0.000000 0.000000 0.000000 
0.000000 0.000000 0.000000 0.000000 0.000000 0.000000 0.000000 0.000000 0.000000 0.000000 0.000000 
0.000000 0.000000 0.000000 0.000000 0.000000 0.000000 0.000000 0.000000 0.000000 0.000000 0.000000 

0.000000 0.000000 0.000000 0.000000 0.000000 0.000000 0.000000 0.000000 0.000000 0.000000 0.000000 
0.000000 0.000000 0.000000 0.000000 0.000000 0.000000 0.000000 0.000000 0.000000 0.000000 0.000000 
0.000000 0.000000 0.000000 0.000000 0.000000 0.000000 0.000000 0.000000 0.000000 0.000000 0.000000 
0.000000 0.000000 0.000000 0.000000 0.000000 0.000000 0.000000 0.000000 0.000000 0.000000 0.000000 
0.000000 0.000000 0.000000 0.000000 0.000000 0.000000 0.000000 0.000000 0.000000 0.000000 0.000000 
0.000000 0.000000 0.000000 0.000000 0.000000 0.000000 0.000000 0.000000 0.000000 0.000000 0.000000 
0.000000 0.000000 0.000000 0.000000 0.000000 0.000000 0.000000 0.000000 0.000000 0.000000 0.000000 
0.000000 0.000000 0.000000 0.000000 0.000000 0.000000 0.000000 0.000000 0.000000 0.000000 0.000000 
0.000000 0.000000 0.000000 0.000000 0.000000 0.000000 0.000000 0.000000 0.000000 0.000000 0.000000 

0.000000 0.000000 0.000000 0.000000 0.000000 0.000000 0.000000 0.000000 0.000000 0.000000 0.000000 
0.000000 0.000000 0.000000 0.000000 0.000000 0.000000 0.000000 0.000000 0.000000 0.000000 0.000000 
0.000000 0.000000 0.000000 0.000000 0.000000 0.000000 0.000000 0.000000 0.000000 0.000000 0.000000 
0.000000 0.000000 0.000000 0.000000 0.000000 0.000000 0.000000 0.000000 0.000000 0.000000 0.000000 
0.000000 0.000000 0.000000 0.000000 0.000000 0.000000 0.000000 0.000000 0.000000 0.000000 0.000000 
0.000000 0.000000 0.000000 0.000000 0.000000 0.000000 0.000000 0.000000 0.000000 0.000000 0.000000 
0.000000 0.000000 0.000000 0.000000 0.000000 0.000000 0.000000 0.000000 0.000000 0.000000 0.000000 
0.000000 0.000000 0.000000 0.000000 0.000000 0.000000 0.000000 0.000000 0.000000 0.000000 0.000000 
0.000000 0.000000 0.000000 0.000000 0.000000 0.000000 0.000000 0.000000 0.000000 0.000000 0.000000 

0.000000 0.000000 0.000000 0.000000 0.000000 0.000000 0.000000 0.000000 0.000000 0.000000 0.000000 
0.000000 0.000000 0.000000 0.000000 0.000000 0.000000 0.000000 0.000000 0.000000 0.000000 0.000000 
0.000000 0.000000 0.000000 0.000000 0.000000 0.000000 0.000000 0.000000 0.000000 0.000000 0.000000 
0.000000 0.000000 0.000000 0.000000 0.000000 0.000000 0.000000 0.000000 0.000000 0.000000 0.000000 
0.000000 0.000000 0.000000 0.000000 0.000000 0.000000 0.000000 0.000000 0.000000 0.000000 0.000000 
0.000000 0.000000 0.000000 0.000000 0.000000 0.000000 0.000000 0.000000 0.000000 0.000000 0.000000 
0.000000 0.000000 0.000000 0.000000 0.000000 0.000000 0.000000 0.000000 0.000000 0.000000 0.000000 
0.000000 0.000000 0.000000 0.000000 0.000000 0.000000 0.000000 0.000000 0.000000 0.000000 0.000000 
0.000000 0.000000 0.000000 0.000000 0.000000 0.000000 0.000000 0.000000 0.000000 0.000000 0.000000 

0.000000 0.000000 0.000000 0.000000 0.000000 0.000000 0.000000 0.000000 0.000000 0.000000 0.000000 
0.000000 0.000000 0.000000 0.000000 0.000000 0.000000 0.000000 0.000000 0.000000 0.000000 0.000000 
0.000000 0.000000 0.000000 0.000000 0.000000 0.000000 0.000000 0.000000 0.000000 0.000000 0.000000 
0.000000 0.000000 0.000000 0.000000 0.000000 0.000000 0.000000 0.000000 0.000000 0.000000 0.000000 
0.000000 0.000000 0.000000 0.000000 0.000000 0.000000 0.000000 0.000000 0.000000 0.000000 0.000000 
0.000000 0.000000 0.000000 0.000000 0.000000 0.000000 0.000000 0.000000 0.000000 0.000000 0.000000 
0.000000 0.000000 0.000000 0.000000 0.000000 0.000000 0.000000 0.000000 0.000000 0.000000 0.000000 
0.000000 0.000000 0.000000 0.000000 0.000000 0.000000 0.000000 0.000000 0.000000 0.000000 0.000000 
0.000000 0.000000 0.000000 0.000000 0.000000 0.000000 0.000000 0.000000 0.000000 0.000000 0.000000 

0.000000 0.000000 0.000000 0.000000 0.000000 0.000000 0.000000 0.000000 0.000000 0.000000 0.000000 
0.000000 0.000000 0.000000 0.000000 0.000000 0.000000 0.000000 0.000000 0.000000 0.000000 0.000000 
0.000000 0.000000 0.000000 0.000000 0.000000 0.000000 0.000000 0.000000 0.000000 0.000000 0.000000 
0.000000 0.000000 0.000000 0.000000 0.000000 0.000000 0.000000 0.000000 0.000000 0.000000 0.000000 
0.000000 0.000000 0.000000 0.000000 0.000000 0.000000 0.000000 0.000000 0.000000 0.000000 0.000000 
0.000000 0.000000 0.000000 0.000000 0.000000 0.000000 0.000000 0.000000 0.000000 0.000000 0.000000 
0.000000 0.000000 0.000000 0.000000 0.000000 0.000000 0.000000 0.000000 0.000000 0.000000 0.000000 
0.000000 0.000000 0.000000 0.000000 0.000000 0.000000 0.000000 0.000000 0.000000 0.000000 0.000000 
0.000000 0.000000 0.000000 0.000000 0.000000 0.000000 0.000000 0.000000 0.000000 0.000000 0.000000 

0.000000 0.000000 0.000000 0.000000 0.000000 0.000000 0.000000 0.000000 0.000000 0.000000 0.000000 
0.000000 0.000000 0.000000 0.000000 0.000000 0.000000 0.000000 0.000000 0.000000 0.000000 0.000000 
0.000000 0.000000 0.000000 0.000000 0.000000 0.000000 0.000000 0.000000 0.000000 0.000000 0.000000 
0.000000 0.000000 0.000000 0.000000 0.000000 0.000000 0.000000 0.000000 0.000000 0.000000 0.000000 
0.000000 0.000000 0.000000 0.000000 0.000000 0.000000 0.000000 0.000000 0.000000 0.000000 0.000000 
0.000000 0.000000 0.000000 0.000000 0.000000 0.000000 0.000000 0.000000 0.000000 0.000000 0.000000 
0.000000 0.000000 0.000000 0.000000 0.000000 0.000000 0.000000 0.000000 0.000000 0.000000 0.000000 
0.000000 0.000000 0.000000 0.000000 0.000000 0.000000 0.000000 0.000000 0.000000 0.000000 0.000000 
0.000000 0.000000 0.000000 0.000000 0.000000 0.000000 0.000000 0.000000 0.000000 0.000000 0.000000 

0.000000 0.000000 0.000000 0.000000 0.000000 0.000000 0.000000 0.000000 0.000000 0.000000 0.000000 
0.000000 0.000000 0.000000 0.000000 0.000000 0.000000 0.000000 0.000000 0.000000 0.000000 0.000000 
0.000000 0.000000 0.000000 0.000000 0.000000 0.000000 0.000000 0.000000 0.000000 0.000000 0.000000 
0.000000 0.000000 0.000000 0.000000 0.000000 0.000000 0.000000 0.000000 0.000000 0.000000 0.000000 
0.000000 0.000000 0.000000 0.000000 0.000000 0.000000 0.000000 0.000000 0.000000 0.000000 0.000000 
0.000000 0.000000 0.000000 0.000000 0.000000 0.000000 0.000000 0.000000 0.000000 0.000000 0.000000 
0.000000 0.000000 0.000000 0.000000 0.000000 0.000000 0.000000 0.000000 0.000000 0.000000 0.000000 
0.000000 0.000000 0.000000 0.000000 0.000000 0.000000 0.000000 0.000000 0.000000 0.000000 0.000000 
0.000000 0.000000 0.000000 0.000000 0.000000 0.000000 0.000000 0.000000 0.000000 0.000000 0.000000 

0.000000 0.000000 0.000000 0.000000 0.000000 0.000000 0.000000 0.000000 0.000000 0.000000 0.000000 
0.000000 0.000000 0.000000 0.000000 0.000000 0.000000 0.000000 0.000000 0.000000 0.000000 0.000000 
0.000000 0.000000 0.000000 0.000000 0.000000 0.000000 0.000000 0.000000 0.000000 0.000000 0.000000 
0.000000 0.000000 0.000000 0.000000 0.000000 0.000000 0.000000 0.000000 0.000000 0.000000 0.000000 
0.000000 0.000000 0.000000 0.000000 0.000000 0.000000 0.000000 0.000000 0.000000 0.000000 0.000000 
0.000000 0.000000 0.000000 0.000000 0.000000 0.000000 0.000000 0.000000 0.000000 0.000000 0.000000 
0.000000 0.000000 0.000000 0.000000 0.000000 0.000000 0.000000 0.000000 0.000000 0.000000 0.000000 
0.000000 0.000000 0.000000 0.000000 0.000000 0.000000 0.000000 0.000000 0.000000 0.000000 0.000000 
0.000000 0.000000 0.000000 0.000000 0.000000 0.000000 0.000000 0.000000 0.000000 0.000000 0.000000 

0.000000 0.000000 0.000000 0.000000 0.000000 0.000000 0.000000 0.000000 0.000000 0.000000 0.000000 
0.000000 0.000000 0.000000 0.000000 0.000000 0.000000 0.000000 0.000000 0.000000 0.000000 0.000000 
0.000000 0.000000 0.000000 0.000000 0.000000 0.000000 0.000000 0.000000 0.000000 0.000000 0.000000 
0.000000 0.000000 0.000000 0.000000 0.000000 0.000000 0.000000 0.000000 0.000000 0.000000 0.000000 
0.000000 0.000000 0.000000 0.000000 0.000000 0.000000 0.000000 0.000000 0.000000 0.000000 0.000000 
0.000000 0.000000 0.000000 0.000000 0.000000 0.000000 0.000000 0.000000 0.000000 0.000000 0.000000 
0.000000 0.000000 0.000000 0.000000 0.000000 0.000000 0.000000 0.000000 0.000000 0.000000 0.000000 
0.000000 0.000000 0.000000 0.000000 0.000000 0.000000 0.000000 0.000000 0.000000 0.000000 0.000000 
0.000000 0.000000 0.000000 0.000000 0.000000 0.000000 0.000000 0.000000 0.000000 0.000000 0.000000 

0.000000 0.000000 0.000000 0.000000 0.000000 0.000000 0.000000 0.000000 0.000000 0.000000 0.000000 
0.000000 0.000000 0.000000 0.000000 0.000000 0.000000 0.000000 0.000000 0.000000 0.000000 0.000000 
0.000000 0.000000 0.000000 0.000000 0.000000 0.000000 0.000000 0.000000 0.000000 0.000000 0.000000 
0.000000 0.000000 0.000000 0.000000 0.000000 0.000000 0.000000 0.000000 0.000000 0.000000 0.000000 
0.000000 0.000000 0.000000 0.000000 0.000000 0.000000 0.000000 0.000000 0.000000 0.000000 0.000000 
0.000000 0.000000 0.000000 0.000000 0.000000 0.000000 0.000000 0.000000 0.000000 0.000000 0.000000 
0.000000 0.000000 0.000000 0.000000 0.000000 0.000000 0.000000 0.000000 0.000000 -0.000000 -0.000000 
-0.000000 -0.000000 -0.000000 -0.000121 0.022411 0.025012 -0.000622 -0.000771 0.002773 0.000000 0.000000 
0.000000 0.000000 -0.000000 -0.003462 0.018540 0.020721 0.000015 0.000016 0.006306 0.000000 0.000000 


0.040950 0.061195 0.022693 -0.277888 0.040950 -0.665650 -0.042996 4.412196 0.040950 -0.842357 -0.008172 1.819279 0.040950 -0.900071 -0.093761 2.919223 0.040950 -0.098151 0.060126 0.365286 0.040950 0.070144 0.092189 -0.857683 0.040950 0.065427 0.069995 -2.783462 0.040950 -0.199952 -0.032925 -0.867432 0.040950 -0.404475 0.109925 1.128295 0.040950 -0.876465 0.000466 0.551508 0.040950 0.131988 -0.049100 -0.375965 0.040950 0.033427 0.090304 -1.445036 0.040950 0.399552 0.660904 1.210344 0.040950 -1.897945 -0.934252 1.246248 0.040950 -1.673659 -0.156335 -0.755578 0.040950 -0.237329 0.030347 -0.052407 0.040950 0.166964 0.072262 -1.583182 0.040950 0.353181 0.080963 -4.509881 0.040950 -0.423956 0.044098 0.598477 0.040950 -0.251445 0.052153 0.325642 0.040950 -0.058882 0.077989 -2.071706 0.040950 -0.675655 0.134454 3.241113 0.040950 -0.330110 -0.079114 0.511512 0.040950 -0.476382 -0.003914 -2.813862 0.040950 -1.188454 -0.649217 -2.473827 0.040950 -0.024915 -0.106365 0.847091 0.040950 -0.108568 0.243995 0.853896 0.040950 -0.821710 -0.049143 0.418097 0.040950 -0.072563 0.070642 2.236610 0.040950 0.685020 0.138934 -0.108782 0.040950 -0.389994 0.010577 -1.056718 0.040950 -0.786599 -0.054375 -0.241361 0.040950 -1.335581 -0.147499 0.523553 0.040950 0.054145 0.064133 -1.793546 0.040950 0.210081 0.051300 0.453423 0.040950 1.494927 0.548204 1.640493 0.040950 -0.047603 0.050134 -1.533581 0.040950 0.602554 0.081895 -0.407864 0.040950 1.173061 0.599881 0.341974 0.040950 0.079180 0.085020 1.173626 0.040950 -0.301016 -0.132259 0.225738 0.040950 -1.372983 -0.927770 -0.621024 0.040950 -1.421608 -0.547530 -0.595919 0.040950 -1.099245 -0.152089 -2.026537 0.040950 -0.820742 -0.002538 -2.891263 
-0.040950 -0.061195 -0.022692 0.277888 -0.040950 0.665653 0.042996 -4.412194 -0.040950 0.842359 0.008171 -1.819280 -0.040950 0.900069 0.093763 -2.919226 -0.040950 0.098151 -0.060126 -0.365284 -0.040950 -0.070144 -0.092189 0.857681 -0.040950 -0.065427 -0.069995 2.783462 -0.040950 0.199952 0.032925 0.867435 -0.040950 0.404474 -0.109925 -1.128293 -0.040950 0.876463 -0.000467 -0.551508 -0.040950 -0.131989 0.049100 0.375964 -0.040950 -0.033426 -0.090305 1.445036 -0.040950 -0.399549 -0.660906 -1.210343 -0.040950 1.897945 0.934251 -1.246246 -0.040950 1.673664 0.156334 0.755581 -0.040950 0.237330 -0.030348 0.052408 -0.040950 -0.166962 -0.072260 1.583184 -0.040950 -0.353180 -0.080964 4.509876 -0.040950 0.423956 -0.044098 -0.598479 -0.040950 0.251444 -0.052153 -0.325642 -0.040950 0.058882 -0.077988 2.071707 -0.040950 0.675655 -0.134455 -3.241117 -0.040950 0.330109 0.079115 -0.511511 -0.040950 0.476382 0.003914 2.813863 -0.040950 1.188453 0.649222 2.473825 -0.040950 0.024915 0.106365 -0.847088 -0.040950 0.108568 -0.243996 -0.853895 -0.040950 0.821710 0.049142 -0.418098 -0.040950 0.072563 -0.070641 -2.236612 -0.040950 -0.685017 -0.138935 0.108783 -0.040950 0.389994 -0.010577 1.056720 -0.040950 0.786599 0.054376 0.241359 -0.040950 1.335585 0.147500 -0.523553 -0.040950 -0.054145 -0.064133 1.793545 -0.040950 -0.210083 -0.051301 -0.453422 -0.040950 -1.494927 -0.548203 -1.640495 -0.040950 0.047603 -0.050134 1.533585 -0.040950 -0.602556 -0.081895 0.407862 -0.040950 -1.173060 -0.599883 -0.341973 -0.040950 -0.079181 -0.085020 -1.173627 -0.040950 0.301019 0.132258 -0.225737 -0.040950 1.372981 0.927772 0.621023 -0.040950 1.421607 0.547531 0.595919 -0.040950 1.099244 0.152089 2.026532 -0.040950 0.820741 0.002539 2.891264 
14.737968
-14.736567
