-17.896242 -20.532711 -4.620619 0.580000 0.830000 0.170000 0.990000 0.990000 0.760000 0.760000 0.700000 
-12.079590 -18.782972 -12.180515 0.220000 0.730000 0.180000 0.240000 0.450000 0.660000 0.190000 0.720000 
-16.875826 -21.186018 -9.557280 0.660000 0.000000 0.090000 0.710000 0.150000 0.710000 0.040000 0.300000 
0.140000 0.620000 0.660000 0.830000 0.130000 0.170000 0.110000 0.900000 0.390000 0.150000 0.260000 
0.470000 0.890000 0.520000 0.170000 0.130000 0.970000 0.840000 0.320000 0.700000 0.730000 0.320000 
0.170000 0.390000 0.320000 0.780000 0.100000 0.000000 0.500000 0.140000 0.300000 0.640000 0.290000 
0.480000 0.000000 0.420000 0.660000 0.110000 0.840000 0.050000 0.780000 0.110000 0.040000 0.190000 
0.630000 0.220000 0.320000 0.120000 0.060000 0.160000 0.340000 0.310000 0.490000 0.510000 0.700000 
0.330000 0.300000 0.320000 0.330000 0.800000 0.990000 0.160000 0.960000 0.280000 0.160000 0.960000 

-3.827834 -5.145154 -5.894937 0.070000 0.400000 0.900000 0.180000 0.440000 0.100000 0.330000 0.660000 
-14.175436 -6.071716 4.916024 0.110000 0.320000 0.550000 0.600000 0.830000 0.770000 0.450000 0.130000 
-8.727531 -9.462841 -2.492593 0.610000 0.470000 0.420000 0.890000 0.630000 0.380000 0.630000 0.980000 
0.980000 0.700000 0.380000 0.410000 0.400000 0.340000 0.510000 0.730000 0.010000 0.930000 0.710000 
0.250000 0.040000 0.550000 0.330000 0.160000 0.380000 0.100000 0.620000 0.520000 0.720000 0.930000 
0.970000 0.330000 0.920000 0.390000 0.740000 0.550000 0.300000 0.380000 0.530000 0.800000 0.080000 
0.430000 0.210000 0.490000 0.780000 0.720000 0.740000 0.310000 0.180000 0.970000 0.080000 0.740000 
0.520000 0.410000 0.430000 0.430000 0.040000 0.050000 0.470000 0.760000 0.500000 0.960000 0.100000 
0.420000 0.360000 0.360000 0.490000 0.180000 0.740000 0.550000 0.980000 0.350000 0.980000 0.720000 

-7.249726 -25.961933 -20.451181 0.620000 0.590000 0.140000 0.120000 0.200000 0.890000 0.160000 0.610000 
-15.432732 -26.670591 -11.864344 0.890000 0.060000 0.940000 0.910000 0.030000 0.040000 0.850000 0.910000 
-11.829778 -26.487988 -13.085354 0.670000 0.410000 0.590000 0.020000 0.920000 0.310000 0.380000 0.200000 
0.280000 0.520000 0.320000 0.420000 0.640000 0.520000 0.830000 0.810000 0.650000 0.670000 0.400000 
0.830000 0.080000 0.990000 0.770000 0.990000 0.540000 0.330000 0.840000 0.450000 0.250000 0.710000 
0.060000 0.920000 0.640000 0.650000 0.460000 0.560000 0.490000 0.360000 0.290000 0.770000 0.890000 
0.610000 0.190000 0.530000 0.650000 0.550000 0.340000 0.820000 0.220000 0.270000 0.170000 0.310000 
0.780000 0.940000 0.300000 0.320000 0.790000 0.670000 0.770000 0.050000 0.900000 0.830000 0.490000 
0.540000 0.000000 0.480000 0.630000 0.490000 0.840000 0.920000 0.780000 0.730000 0.050000 0.500000 

-6.802482 -27.230886 -16.400850 0.650000 0.040000 0.270000 0.920000 0.740000 0.580000 0.700000 0.680000 
-1.073792 -24.320860 -23.644861 0.600000 0.310000 0.570000 0.020000 0.660000 0.580000 0.080000 0.190000 
-3.938715 -21.283047 -17.233503 0.910000 0.150000 0.990000 0.160000 0.200000 0.490000 0.470000 0.940000 
0.540000 0.130000 0.510000 0.330000 0.570000 0.250000 0.920000 0.800000 0.450000 0.850000 0.340000 
0.450000 0.450000 0.660000 0.540000 0.470000 0.840000 0.130000 0.550000 0.030000 0.190000 0.790000 
0.240000 0.620000 0.940000 0.750000 0.310000 0.670000 0.240000 0.780000 0.610000 0.300000 0.910000 
0.120000 0.630000 0.490000 0.370000 0.070000 0.290000 0.830000 0.440000 0.150000 0.800000 0.890000 
0.810000 0.350000 0.880000 0.180000 0.000000 0.960000 0.210000 0.190000 0.750000 0.970000 0.340000 
0.210000 0.240000 0.650000 0.880000 0.000000 0.430000 0.020000 0.300000 0.870000 0.140000 0.460000 

-5.215322 -23.156412 -23.237995 0.690000 0.390000 0.500000 0.840000 0.710000 0.910000 0.180000 0.580000 
-6.205984 -17.989716 -20.810831 0.280000 0.090000 0.300000 0.030000 0.590000 0.640000 0.760000 0.830000 
-2.736223 -19.413620 -25.500059 0.760000 0.670000 0.660000 0.630000 0.330000 0.120000 0.510000 0.890000 
0.700000 0.200000 0.800000 0.200000 0.050000 0.520000 0.110000 0.230000 0.100000 0.430000 0.110000 
0.210000 0.710000 0.200000 0.510000 0.260000 0.790000 0.670000 0.030000 0.630000 0.480000 0.680000 
0.990000 0.240000 0.870000 0.650000 0.400000 0.720000 0.300000 0.910000 0.140000 0.000000 0.640000 
0.940000 0.720000 0.210000 0.460000 0.830000 0.960000 0.090000 0.270000 0.070000 0.300000 0.500000 
0.790000 0.330000 0.770000 0.590000 0.000000 0.800000 0.740000 0.480000 0.000000 0.730000 0.240000 
0.390000 0.900000 0.640000 0.110000 0.200000 0.080000 0.250000 0.200000 0.720000 0.720000 0.920000 

-17.045586 -49.313286 -41.093632 0.410000 0.790000 0.070000 0.000000 0.610000 0.570000 0.790000 0.940000 
-25.333809 -44.916687 -31.118174 0.660000 0.640000 0.940000 0.660000 0.890000 0.190000 0.570000 0.800000 
-18.152575 -47.045425 -35.915516 0.430000 0.460000 0.250000 0.150000 0.180000 0.690000 0.600000 0.890000 
0.970000 0.530000 0.200000 0.560000 0.530000 0.820000 0.660000 0.330000 0.280000 0.520000 0.230000 
0.230000 0.190000 0.400000 0.690000 0.370000 0.290000 0.880000 0.950000 0.610000 0.240000 0.160000 
0.140000 0.670000 0.140000 0.910000 0.350000 0.850000 0.600000 0.470000 0.260000 0.100000 0.010000 
0.460000 0.660000 0.540000 0.800000 0.320000 0.390000 0.090000 0.850000 0.150000 0.840000 0.560000 
0.550000 0.530000 0.930000 0.360000 0.420000 0.400000 0.500000 0.180000 0.080000 0.160000 0.850000 
0.230000 0.070000 0.720000 0.600000 0.670000 0.200000 0.860000 0.770000 0.210000 0.320000 0.960000 

-17.474735 -48.956833 -32.764404 0.190000 0.740000 0.650000 0.340000 0.580000 0.210000 0.410000 0.110000 
-20.433271 -46.239021 -30.752026 0.070000 0.790000 0.230000 0.680000 0.950000 0.610000 0.910000 0.540000 
-17.837568 -45.984592 -28.511328 0.050000 0.890000 0.030000 0.260000 0.210000 0.990000 0.060000 0.380000 
0.800000 0.250000 0.120000 0.450000 0.110000 0.220000 0.190000 0.520000 0.340000 0.860000 0.810000 
0.910000 0.450000 0.130000 0.670000 0.130000 0.600000 0.280000 0.560000 0.150000 0.130000 0.590000 
0.890000 0.190000 0.480000 0.440000 0.970000 0.220000 0.440000 0.550000 0.600000 0.760000 0.800000 
0.730000 0.210000 0.910000 0.470000 0.920000 0.950000 0.330000 0.780000 0.770000 0.250000 0.760000 
0.900000 0.920000 0.890000 0.500000 0.720000 0.980000 0.170000 0.370000 0.570000 0.580000 0.080000 
0.060000 0.030000 0.580000 0.800000 0.990000 0.130000 0.400000 0.750000 0.940000 0.650000 0.480000 

-29.242531 -68.378944 -34.204567 0.330000 0.460000 0.710000 0.100000 0.230000 0.470000 0.520000 0.670000 
-22.415014 -57.807125 -41.135281 0.870000 0.720000 0.290000 0.440000 0.300000 0.890000 0.020000 0.330000 
-20.717758 -58.657249 -38.503559 0.610000 0.750000 0.590000 0.070000 0.920000 0.600000 0.440000 0.570000 
0.530000 0.290000 0.560000 0.240000 0.390000 0.790000 0.720000 0.430000 0.990000 0.610000 0.980000 
0.900000 0.000000 0.220000 0.710000 0.440000 0.520000 0.610000 0.990000 0.380000 0.080000 0.330000 
0.220000 0.210000 0.600000 0.340000 0.280000 0.530000 0.460000 0.250000 0.100000 0.990000 0.540000 
0.180000 0.230000 0.460000 0.980000 0.470000 0.410000 0.970000 0.600000 0.390000 0.390000 0.600000 
0.610000 0.110000 0.570000 0.660000 0.720000 0.560000 0.560000 0.320000 0.410000 0.780000 0.540000 
0.020000 0.640000 0.340000 0.550000 0.100000 0.110000 0.170000 0.090000 0.660000 0.360000 0.850000 

-8.348668 -34.736454 -22.752214 0.050000 0.350000 0.450000 0.970000 0.740000 0.050000 0.100000 0.370000 
-5.625763 -31.234585 -26.958679 0.700000 0.320000 0.940000 0.120000 0.630000 0.480000 0.140000 0.790000 
-5.773021 -29.912094 -21.344603 0.460000 0.380000 0.510000 0.640000 0.260000 0.880000 0.280000 0.640000 
0.210000 0.850000 0.990000 0.180000 0.820000 0.260000 0.230000 0.930000 0.630000 0.380000 0.690000 
0.250000 0.600000 0.540000 0.190000 0.240000 0.690000 0.190000 0.900000 0.480000 0.530000 0.110000 
0.900000 0.510000 0.020000 0.420000 0.150000 0.280000 0.300000 0.950000 0.930000 0.030000 0.810000 
0.440000 0.210000 0.630000 0.700000 0.970000 0.080000 0.860000 0.870000 0.300000 0.110000 0.990000 
0.840000 0.300000 0.240000 0.530000 0.490000 0.140000 0.530000 0.540000 0.780000 0.440000 0.060000 
0.800000 0.380000 0.210000 0.600000 0.680000 0.690000 0.050000 0.240000 0.500000 0.500000 0.970000 

-9.886090 -28.490107 -16.388056 0.740000 0.580000 0.850000 0.040000 0.210000 0.850000 0.400000 0.510000 
-1.384211 -25.258799 -26.318546 0.270000 0.980000 0.070000 0.050000 0.420000 0.130000 0.370000 0.800000 
-4.753745 -23.273108 -19.996147 0.550000 0.550000 0.770000 0.050000 0.570000 0.740000 0.230000 0.300000 
0.730000 0.970000 0.400000 0.580000 0.010000 0.620000 0.950000 0.930000 0.650000 0.560000 0.380000 
0.180000 0.360000 0.360000 0.250000 0.930000 0.310000 0.900000 0.310000 0.630000 0.760000 0.810000 
0.640000 0.840000 0.360000 0.410000 0.410000 0.940000 0.680000 0.640000 0.760000 0.410000 0.610000 
0.680000 0.990000 0.140000 0.300000 0.470000 0.070000 0.960000 0.030000 0.450000 0.660000 0.390000 
0.340000 0.430000 0.330000 0.650000 0.330000 0.160000 0.280000 0.610000 0.970000 0.450000 0.450000 
0.850000 0.860000 0.870000 0.310000 0.060000 0.510000 0.590000 0.470000 0.130000 0.280000 0.990000 

-9.643486 -11.171501 -1.198900 0.870000 0.060000 0.010000 0.320000 0.240000 0.930000 0.660000 0.670000 
-8.287416 -8.174276 -2.908893 0.940000 0.120000 0.620000 0.430000 0.570000 0.590000 0.800000 0.950000 
-8.822589 -10.947802 -4.685828 0.500000 0.750000 0.010000 0.630000 0.030000 0.520000 0.420000 0.140000 
0.500000 0.810000 0.720000 0.040000 0.140000 0.970000 0.970000 0.320000 0.640000 0.270000 0.680000 
0.170000 0.730000 0.800000 0.790000 0.680000 0.890000 0.900000 0.480000 0.360000 0.370000 0.640000 
0.900000 0.390000 0.400000 0.440000 0.020000 0.950000 0.480000 0.960000 0.090000 0.510000 0.780000 
0.820000 0.550000 0.440000 0.310000 0.040000 0.280000 0.950000 0.310000 0.960000 0.120000 0.040000 
0.280000 0.430000 0.240000 0.690000 0.860000 0.240000 0.060000 0.750000 0.890000 0.480000 0.140000 
0.810000 0.440000 0.680000 0.760000 0.930000 0.160000 0.380000 0.440000 0.460000 0.200000 0.510000 

-0.470407 -6.662612 -9.067167 0.710000 0.500000 0.380000 0.670000 0.630000 0.940000 0.960000 0.580000 
-2.474894 -9.473322 -6.666649 0.420000 0.230000 0.710000 0.830000 0.720000 0.850000 0.640000 0.160000 
-5.711759 -7.430390 -3.060947 0.220000 0.790000 0.570000 0.680000 0.510000 0.080000 0.590000 0.060000 
0.150000 0.300000 0.560000 0.530000 0.490000 0.710000 0.470000 0.970000 0.300000 0.170000 0.630000 
0.780000 0.120000 0.380000 0.500000 0.950000 0.620000 0.870000 0.600000 0.310000 0.410000 0.530000 
0.920000 0.150000 0.840000 0.020000 0.830000 0.870000 0.100000 0.420000 0.930000 0.260000 0.240000 
0.490000 0.310000 0.260000 0.210000 0.310000 0.230000 0.030000 0.480000 0.380000 0.810000 0.600000 
0.770000 0.830000 0.560000 0.910000 0.710000 0.680000 0.220000 0.640000 0.730000 0.670000 0.790000 
0.570000 0.690000 0.620000 0.960000 0.790000 0.570000 0.890000 0.570000 0.330000 0.900000 0.890000 

-11.645014 -26.978611 -16.477854 0.830000 0.660000 0.680000 0.730000 0.000000 0.810000 0.500000 0.830000 
-13.830817 -21.056206 -13.652544 0.570000 0.160000 0.700000 0.300000 0.830000 0.490000 0.390000 0.520000 
-9.995001 -25.096441 -18.899256 0.210000 0.760000 0.410000 0.540000 0.660000 0.300000 0.140000 0.820000 
0.020000 0.490000 0.480000 0.230000 0.220000 0.000000 0.040000 0.250000 0.840000 0.930000 0.190000 
0.900000 0.020000 0.350000 0.130000 0.840000 0.710000 0.620000 0.230000 0.230000 0.260000 0.100000 
0.070000 0.470000 0.380000 0.010000 0.540000 0.560000 0.310000 0.680000 0.380000 0.860000 0.690000 
0.870000 0.090000 0.430000 0.390000 0.130000 0.680000 0.750000 0.580000 0.390000 0.180000 0.600000 
0.270000 0.310000 0.960000 0.980000 0.930000 0.190000 0.730000 0.720000 0.810000 0.330000 0.710000 
0.190000 0.340000 0.250000 0.750000 0.170000 0.450000 0.660000 0.030000 0.140000 0.050000 0.640000 

-11.157057 -31.012192 -23.955399 0.780000 0.200000 0.870000 0.180000 0.380000 0.990000 0.450000 0.690000 
-15.373519 -33.484558 -19.542788 0.660000 0.200000 0.380000 0.470000 0.530000 0.100000 0.180000 0.390000 
-18.772251 -31.203484 -13.816490 0.810000 0.120000 0.120000 0.950000 0.690000 0.770000 0.050000 0.130000 
0.060000 0.840000 0.330000 0.460000 0.540000 0.230000 0.970000 0.990000 0.440000 0.930000 0.460000 
0.110000 0.110000 0.660000 0.490000 0.110000 0.720000 0.590000 0.290000 0.110000 0.470000 0.270000 
0.200000 0.280000 0.910000 0.330000 0.750000 0.600000 0.620000 0.330000 0.740000 0.200000 0.170000 
0.590000 0.660000 0.710000 0.830000 0.640000 0.220000 0.790000 0.090000 0.680000 0.900000 0.200000 
0.860000 0.400000 0.310000 0.580000 0.510000 0.130000 0.700000 0.980000 0.400000 0.900000 0.260000 
0.320000 0.750000 0.540000 0.440000 0.370000 0.870000 0.180000 0.100000 0.560000 0.300000 0.760000 

-9.174212 -13.759565 -3.611640 0.010000 0.440000 0.530000 0.690000 0.350000 0.740000 0.070000 0.270000 
-3.450277 -12.630697 -13.205917 0.700000 0.880000 0.770000 0.630000 0.300000 0.550000 0.470000 0.060000 
-5.656449 -12.588930 -9.190660 0.480000 0.620000 0.050000 0.040000 0.920000 0.340000 0.310000 0.570000 
0.780000 0.320000 0.530000 0.320000 0.530000 0.400000 0.060000 0.130000 0.670000 0.150000 0.790000 
0.460000 0.860000 0.190000 0.750000 0.490000 0.490000 0.300000 0.480000 0.070000 0.920000 0.390000 
0.030000 0.400000 0.010000 0.600000 0.450000 0.450000 0.940000 0.280000 0.540000 0.730000 0.130000 
0.080000 0.050000 0.180000 0.000000 0.630000 0.310000 0.680000 0.780000 0.620000 0.660000 0.160000 
0.810000 0.410000 0.650000 0.830000 0.710000 0.650000 0.900000 0.630000 0.050000 0.930000 0.040000 
0.580000 0.540000 0.010000 0.560000 0.000000 0.810000 0.100000 0.730000 0.940000 0.700000 0.780000 


0.000000 0.000000 0.000000 0.000000 0.000000 0.000000 0.000000 0.000000 0.000000 0.000000 0.000000 
0.000000 0.000000 0.000000 0.000000 0.000000 0.000000 0.000000 0.000000 0.000000 0.000000 0.000000 
0.000000 0.000000 0.000000 0.000000 0.000000 0.000000 0.000000 0.000000 0.000000 0.000000 0.000000 
0.000000 0.000000 0.000000 0.000000 0.000000 0.000000 0.000000 0.000000 0.000000 0.000000 0.000000 
0.000000 0.000000 0.000000 0.000000 0.000000 0.000000 0.000000 0.000000 0.000000 0.000000 0.000000 
0.000000 0.000000 0.000000 0.000000 0.000000 0.000000 0.000000 0.000000 0.000000 0.000000 0.000000 
0.000000 0.000000 0.000000 0.000000 0.000000 0.000000 0.000000 0.000000 0.000000 0.000000 0.000000 
0.000000 0.000000 0.000000 0.000000 0.000000 0.000000 0.000000 0.000000 0.000000 0.000000 0.000000 
0.000000 0.000000 0.000000 0.000000 0.000000 0.000000 0.000000 0.000000 0.000000 0.000000 0.000000 

0.000000 0.000000 0.000000 0.000000 0.000000 0.000000 0.000000 0.000000 0.000000 0.000000 0.000000 
0.000000 0.000000 0.000000 0.000000 0.000000 0.000000 0.000000 0.000000 0.000000 0.000000 0.000000 
0.000000 0.000000 0.000000 0.000000 0.000000 0.000000 0.000000 0.000000 0.000000 0.000000 0.000000 
0.000000 0.000000 0.000000 0.000000 0.000000 0.000000 0.000000 0.000000 0.000000 0.000000 0.000000 
0.000000 0.000000 0.000000 0.000000 0.000000 0.000000 0.000000 0.000000 0.000000 0.000000 0.000000 
0.000000 0.000000 0.000000 0.000000 0.000000 0.000000 0.000000 0.000000 0.000000 0.000000 0.000000 
0.000000 0.000000 0.000000 0.000000 0.000000 0.000000 0.000000 0.000000 0.000000 0.000000 0.000000 
0.000000 0.000000 0.000000 0.000000 0.000000 0.000000 0.000000 0.000000 0.000000 0.000000 0.000000 
0.000000 0.000000 0.000000 0.000000 0.000000 0.000000 0.000000 0.000000 0.000000 0.000000 0.000000 

0.000000 0.000000 0.000000 0.000000 0.000000 0.000000 0.000000 0.000000 0.000000 0.000000 0.000000 
0.000000 0.000000 0.000000 0.000000 0.000000 0.000000 0.000000 0.000000 0.000000 0.000000 0.000000 
0.000000 0.000000 0.000000 0.000000 0.000000 0.000000 0.000000 0.000000 0.000000 0.000000 0.000000 
0.000000 0.000000 0.000000 0.000000 0.000000 0.000000 0.000000 0.000000 0.000000 0.000000 0.000000 
0.000000 0.000000 0.000000 0.000000 0.000000 0.000000 0.000000 0.000000 0.000000 0.000000 0.000000 
0.000000 0.000000 0.000000 0.000000 0.000000 0.000000 0.000000 0.000000 0.000000 0.000000 0.000000 
0.000000 0.000000 0.000000 0.000000 0.000000 0.000000 0.000000 0.000000 0.000000 0.000000 0.000000 
0.000000 0.000000 0.000000 0.000000 0.000000 0.000000 0.000000 0.000000 0.000000 0.000000 0.000000 
0.000000 0.000000 0.000000 0.000000 0.000000 0.000000 0.000000 0.000000 0.000000 0.000000 0.000000 

0.000000 0.000000 0.000000 0.000000 0.000000 0.000000 0.000000 0.000000 0.000000 0.000000 0.000000 
0.000000 0.000000 0.000000 0.000000 0.000000 0.000000 0.000000 0.000000 0.000000 0.000000 0.000000 
0.000000 0.000000 0.000000 0.000000 0.000000 0.000000 0.000000 0.000000 0.000000 0.000000 0.000000 
0.000000 0.000000 0.000000 0.000000 0.000000 0.000000 0.000000 0.000000 0.000000 0.000000 0.000000 
0.000000 0.000000 0.000000 0.000000 0.000000 0.000000 0.000000 0.000000 0.000000 0.000000 0.000000 
0.000000 0.000000 0.000000 0.000000 0.000000 0.000000 0.000000 0.000000 0.000000 0.000000 0.000000 
0.000000 0.000000 0.000000 0.000000 0.000000 0.000000 0.000000 0.000000 0.000000 0.000000 0.000000 
0.000000 0.000000 0.000000 0.000000 0.000000 0.000000 0.000000 0.000000 0.000000 0.000000 0.000000 
0.000000 0.000000 0.000000 0.000000 0.000000 0.000000 0.000000 0.000000 0.000000 0.000000 0.000000 

0.000000 0.000000 0.000000 0.000000 0.000000 0.000000 0.000000 0.000000 0.000000 0.000000 0.000000 
0.000000 0.000000 0.000000 0.000000 0.000000 0.000000 0.000000 0.000000 0.000000 0.000000 0.000000 
0.000000 0.000000 0.000000 0.000000 0.000000 0.000000 0.000000 0.000000 0.000000 0.000000 0.000000 
0.000000 0.000000 0.000000 0.000000 0.000000 0.000000 0.000000 0.000000 0.000000 0.000000 0.000000 
0.000000 0.000000 0.000000 0.000000 0.000000 0.000000 0.000000 0.000000 0.000000 0.000000 0.000000 
0.000000 0.000000 0.000000 0.000000 0.000000 0.000000 0.000000 0.000000 0.000000 0.000000 0.000000 
0.000000 0.000000 0.000000 0.000000 0.000000 0.000000 0.000000 0.000000 0.000000 0.000000 0.000000 
0.000000 0.000000 0.000000 0.000000 0.000000 0.000000 0.000000 0.000000 0.000000 0.000000 0.000000 
0.000000 0.000000 0.000000 0.000000 0.000000 0.000000 0.000000 0.000000 0.000000 0.000000 0.000000 

0.000000 0.000000 0.000000 0.000000 0.000000 0.000000 0.000000 0.000000 0.000000 0.000000 0.000000 
0.000000 0.000000 0.000000 0.000000 0.000000 0.000000 0.000000 0.000000 0.000000 0.000000 0.000000 
0.000000 0.000000 0.000000 0.000000 0.000000 0.000000 0.000000 0.000000 0.000000 0.000000 0.000000 
0.000000 0.000000 0.000000 0.000000 0.000000 0.000000 0.000000 0.000000 0.000000 0.000000 0.000000 
0.000000 0.000000 0.000000 0.000000 0.000000 0.000000 0.000000 0.000000 0.000000 0.000000 0.000000 
0.000000 0.000000 0.000000 0.000000 0.000000 0.000000 0.000000 0.000000 0.000000 0.000000 0.000000 
0.000000 0.000000 0.000000 0.000000 0.000000 0.000000 0.000000 0.000000 0.000000 0.000000 0.000000 
0.000000 0.000000 0.000000 0.000000 0.000000 0.000000 0.000000 0.000000 0.000000 0.000000 0.000000 
0.000000 0.000000 0.000000 0.000000 0.000000 0.000000 0.000000 0.000000 0.000000 0.000000 0.000000 

0.000000 0.000000 0.000000 0.000000 0.000000 0.000000 0.000000 0.000000 0.000000 0.000000 0.000000 
0.000000 0.000000 0.000000 0.000000 0.000000 0.000000 0.000000 0.000000 0.000000 0.000000 0.000000 
0.000000 0.000000 0.000000 0.000000 0.000000 0.000000 0.000000 0.000000 0.000000 0.000000 0.000000 
0.000000 0.000000 0.000000 0.000000 0.000000 0.000000 0.000000 0.000000 0.000000 0.000000 0.000000 
0.000000 0.000000 0.000000 0.000000 0.000000 0.000000 0.000000 0.000000 0.000000 0.000000 0.000000 
0.000000 0.000000 0.000000 0.000000 0.000000 0.000000 0.000000 0.000000 0.000000 0.000000 0.000000 
0.000000 0.000000 0.000000 0.000000 0.000000 0.000000 0.000000 0.000000 0.000000 0.000000 0.000000 
0.000000 0.000000 0.000000 0.000000 0.000000 0.000000 0.000000 0.000000 0.000000 0.000000 0.000000 
0.000000 0.000000 0.000000 0.000000 0.000000 0.000000 0.000000 0.000000 0.000000 0.000000 0.000000 

0.000000 0.000000 0.000000 0.000000 0.000000 0.000000 0.000000 0.000000 0.000000 0.000000 0.000000 
0.000000 0.000000 0.000000 0.000000 0.000000 0.000000 0.000000 0.000000 0.000000 0.000000 0.000000 
0.000000 0.000000 0.000000 0.000000 0.000000 0.000000 0.000000 0.000000 0.000000 0.000000 0.000000 
0.000000 0.000000 0.000000 0.000000 0.000000 0.000000 0.000000 0.000000 0.000000 0.000000 0.000000 
0.000000 0.000000 0.000000 0.000000 0.000000 0.000000 0.000000 0.000000 0.000000 0.000000 0.000000 
0.000000 0.000000 0.000000 0.000000 0.000000 0.000000 0.000000 0.000000 0.000000 0.000000 0.000000 
0.000000 0.000000 0.000000 0.000000 0.000000 0.000000 0.000000 0.000000 0.000000 0.000000 0.000000 
0.000000 0.000000 0.000000 0.000000 0.000000 0.000000 0.000000 0.000000 0.000000 0.000000 0.000000 
0.000000 0.000000 0.000000 0.000000 0.000000 0.000000 0.000000 0.000000 0.000000 0.000000 0.000000 

0.000000 0.000000 0.000000 0.000000 0.000000 0.000000 0.000000 0.000000 0.000000 0.000000 0.000000 
0.000000 0.000000 0.000000 0.000000 0.000000 0.000000 0.000000 0.000000 0.000000 0.000000 0.000000 
0.000000 0.000000 0.000000 0.000000 0.000000 0.000000 0.000000 0.000000 0.000000 0.000000 0.000000 
0.000000 0.000000 0.000000 0.000000 0.000000 0.000000 0.000000 0.000000 0.000000 0.000000 0.000000 
0.000000 0.000000 0.000000 0.000000 0.000000 0.000000 0.000000 0.000000 0.000000 0.000000 0.000000 
0.000000 0.000000 0.000000 0.000000 0.000000 0.000000 0.000000 0.000000 0.000000 0.000000 0.000000 
0.000000 0.000000 0.000000 0.000000 0.000000 0.000000 0.000000 0.000000 0.000000 0.000000 0.000000 
0.000000 0.000000 0.000000 0.000000 0.000000 0.000000 0.000000 0.000000 0.000000 0.000000 0.000000 
0.000000 0.000000 0.000000 0.000000 0.000000 0.000000 0.000000 0.000000 0.000000 0.000000 0.000000 

0.000000 0.000000 0.000000 0.000000 0.000000 0.000000 0.000000 0.000000 0.000000 0.000000 0.000000 
0.000000 0.000000 0.000000 0.000000 0.000000 0.000000 0.000000 0.000000 0.000000 0.000000 0.000000 
0.000000 0.000000 0.000000 0.000000 0.000000 0.000000 0.000000 0.000000 0.000000 0.000000 0.000000 
0.000000 0.000000 0.000000 0.000000 0.000000 0.000000 0.000000 0.000000 0.000000 0.000000 0.000000 
0.000000 0.000000 0.000000 0.000000 0.000000 0.000000 0.000000 0.000000 0.000000 0.000000 0.000000 
0.000000 0.000000 0.000000 0.000000 0.000000 0.000000 0.000000 0.000000 0.000000 0.000000 0.000000 
0.000000 0.000000 0.000000 0.000000 0.000000 0.000000 0.000000 0.000000 0.000000 0.000000 0.000000 
0.000000 0.000000 0.000000 0.000000 0.000000 0.000000 0.000000 0.000000 0.000000 0.000000 0.000000 
0.000000 0.000000 0.000000 0.000000 0.000000 0.000000 0.000000 0.000000 0.000000 0.000000 0.000000 

0.000000 0.000000 0.000000 0.000000 0.000000 0.000000 0.000000 0.000000 0.000000 0.000000 0.000000 
0.000000 0.000000 0.000000 0.000000 0.000000 0.000000 0.000000 0.000000 0.000000 0.000000 0.000000 
0.000000 0.000000 0.000000 0.000000 0.000000 0.000000 0.000000 0.000000 0.000000 0.000000 0.000000 
0.000000 0.000000 0.000000 0.000000 0.000000 0.000000 0.000000 0.000000 0.000000 0.000000 0.000000 
0.000000 0.000000 0.000000 0.000000 0.000000 0.000000 0.000000 0.000000 0.000000 0.000000 0.000000 
0.000000 0.000000 0.000000 0.000000 0.000000 0.000000 0.000000 0.000000 0.000000 0.000000 0.000000 
0.000000 0.000000 0.000000 0.000000 0.000000 0.000000 0.000000 0.000000 0.000000 0.000000 0.000000 
0.000000 0.000000 0.000000 0.000000 0.000000 0.000000 0.000000 0.000000 0.000000 0.000000 0.000000 
0.000000 0.000000 0.000000 0.000000 0.000000 0.000000 0.000000 0.000000 0.000000 0.000000 0.000000 

0.000000 0.000000 0.000000 0.000000 0.000000 0.000000 0.000000 0.000000 0.000000 0.000000 0.000000 
0.000000 0.000000 0.000000 0.000000 0.000000 0.000000 0.000000 0.000000 0.000000 0.000000 0.000000 
0.000000 0.000000 0.000000 0.000000 0.000000 0.000000 0.000000 0.000000 0.000000 0.000000 0.000000 
0.000000 0.000000 0.000000 0.000000 0.000000 0.000000 0.000000 0.000000 0.000000 0.000000 0.000000 
0.000000 0.000000 0.000000 0.000000 0.000000 0.000000 0.000000 0.000000 0.000000 0.000000 0.000000 
0.000000 0.000000 0.000000 0.000000 0.000000 0.000000 0.000000 0.000000 0.000000 0.000000 0.000000 
0.000000 0.000000 0.000000 0.000000 0.000000 0.000000 0.000000 0.000000 0.000000 0.000000 0.000000 
0.000000 0.000000 0.000000 0.000000 0.000000 0.000000 0.000000 0.000000 0.000000 0.000000 0.000000 
0.000000 0.000000 0.000000 0.000000 0.000000 0.000000 0.000000 0.000000 0.000000 0.000000 0.000000 

0.000000 0.000000 0.000000 0.000000 0.000000 0.000000 0.000000 0.000000 0.000000 0.000000 0.000000 
0.000000 0.000000 0.000000 0.000000 0.000000 0.000000 0.000000 0.000000 0.000000 0.000000 0.000000 
0.000000 0.000000 0.000000 0.000000 0.000000 0.000000 0.000000 0.000000 0.000000 0.000000 0.000000 
0.000000 0.000000 0.000000 0.000000 0.000000 0.000000 0.000000 0.000000 0.000000 0.000000 0.000000 
0.000000 0.000000 0.000000 0.000000 0.000000 0.000000 0.000000 0.000000 0.000000 0.000000 0.000000 
0.000000 0.000000 0.000000 0.000000 0.000000 0.000000 0.000000 0.000000 0.000000 0.000000 0.000000 
0.000000 0.000000 0.000000 0.000000 0.000000 0.000000 0.000000 0.000000 0.000000 0.000000 0.000000 
0.000000 0.000000 0.000000 0.000000 0.000000 0.000000 0.000000 0.000000 0.000000 0.000000 0.000000 
0.000000 0.000000 0.000000 0.000000 0.000000 0.000000 0.000000 0.000000 0.000000 0.000000 0.000000 

0.000000 0.000000 0.000000 0.000000 0.000000 0.000000 0.000000 0.000000 0.000000 0.000000 0.000000 
0.000000 0.000000 0.000000 0.000000 0.000000 0.000000 0.000000 0.000000 0.000000 0.000000 0.000000 
0.000000 0.000000 0.000000 0.000000 0.000000 0.000000 0.000000 0.000000 0.000000 0.000000 0.000000 
0.000000 0.000000 0.000000 0.000000 0.000000 0.000000 0.000000 0.000000 0.000000 0.000000 0.000000 
0.000000 0.000000 0.000000 0.000000 0.000000 0.000000 0.000000 0.000000 0.000000 0.000000 0.000000 
0.000000 0.000000 0.000000 0.000000 0.000000 0.000000 0.000000 0.000000 0.000000 0.000000 0.000000 
0.000000 0.000000 0.000000 0.000000 0.000000 0.000000 0.000000 0.000000 0.000000 0.000000 0.000000 
0.000000 0.000000 0.000000 0.000000 0.000000 0.000000 0.000000 0.000000 0.000000 0.000000 0.000000 
0.000000 0.000000 0.000000 0.000000 0.000000 0.000000 0.000000 0.000000 0.000000 0.000000 0.000000 

0.000000 0.000000 0.000000 0.000000 0.000000 0.000000 0.000000 0.000000 0.000000 0.000000 0.000000 
0.000000 0.000000 0.000000 0.000000 0.000000 0.000000 0.000000 0.000000 0.000000 0.000000 0.000000 
0.000000 0.000000 0.000000 0.000000 0.000000 0.000000 0.000000 0.000000 0.000000 0.000000 0.000000 
0.000000 0.000000 0.000000 0.000000 0.000000 0.000000 0.000000 0.000000 0.000000 0.000000 0.000000 
0.000000 0.000000 0.000000 0.000000 0.000000 0.000000 0.000000 0.000000 0.000000 0.000000 0.000000 
0.000000 0.000000 0.000000 0.000000 0.000000 0.000000 0.000000 0.000000 0.000000 0.000000 0.000000 
0.000000 0.000000 0.000000 0.000000 0.000000 0.000000 0.000000 0.000000 0.000000 -0.000000 -0.000000 
-0.000000 -0.000000 0.000000 0.039916 -0.124087 -0.131054 0.000871 0.000214 -0.000833 -0.000000 -0.000000 
-0.000000 -0.000000 0.000000 0.001279 -0.009635 -0.010521 0.000211 0.000099 -0.000366 -0.000000 -0.000000 


-0.027058 0.319583 -2.257293 1.862604 -0.027058 0.498307 -0.345437 0.216336 -0.027058 0.396123 -0.111328 0.037030 -0.027058 0.396422 -0.168439 -1.418598 -0.027058 0.530181 -0.223649 -0.789622 -0.027058 0.387291 -0.056385 1.996060 -0.027058 0.491192 -0.086465 -0.799802 -0.027058 0.439634 -0.103385 0.070332 -0.027058 0.256744 -0.110384 -0.222837 -0.027058 0.464109 -0.073093 1.360327 -0.027058 0.347788 -0.069602 -0.647083 -0.027058 0.173318 -0.069227 -0.076159 -0.027058 0.485876 -0.137299 0.882162 -0.027058 0.322704 -0.065965 -0.511198 -0.027058 0.103254 -0.053539 -0.084867 -0.027058 0.582644 -0.107696 -0.170955 -0.027058 0.426532 -0.110372 -0.687042 -0.027058 0.296600 -0.080382 -0.404892 -0.027058 0.230827 -1.373890 1.173140 -0.027058 0.500554 -0.346420 0.919759 -0.027058 0.163197 -0.061981 1.235359 -0.027058 0.408554 -0.101641 3.062016 -0.027058 0.376073 -0.081128 0.660393 -0.027058 0.283098 -0.121860 -1.373667 -0.027058 0.465327 -0.092166 1.164709 -0.027058 0.506256 -0.123833 2.281833 -0.027058 0.383419 -0.526206 1.012656 -0.027058 0.378037 -0.081344 1.922860 -0.027058 0.392686 -0.092810 -0.308619 -0.027058 0.404065 -0.198258 -0.431555 -0.027058 0.682473 -0.465841 0.651618 -0.027058 0.223153 -0.062729 -1.486650 -0.027058 0.279870 -0.078354 -0.185750 -0.027058 0.448564 -0.105138 -0.776144 -0.027058 0.307960 -0.069899 -1.653109 -0.027058 0.224299 -0.056506 1.494392 -0.027058 0.482138 -0.190194 0.525989 -0.027058 0.501614 -0.225922 0.977741 -0.027058 0.317783 -0.077726 -0.268875 -0.027058 0.334982 -0.642830 -0.877413 -0.027058 0.480573 -0.242595 -2.155302 -0.027058 0.417855 -0.191062 -0.938927 -0.027058 0.528618 -0.242001 1.592034 -0.027058 0.516522 -0.186919 0.821503 -0.027058 0.268599 -0.157195 -1.306285 
0.027057 -0.319582 2.257295 -1.862603 0.027057 -0.498306 0.345437 -0.216336 0.027057 -0.396123 0.111328 -0.037030 0.027057 -0.396421 0.168439 1.418598 0.027057 -0.530181 0.223649 0.789621 0.027057 -0.387292 0.056385 -1.996058 0.027057 -0.491191 0.086465 0.799803 0.027057 -0.439634 0.103385 -0.070332 0.027057 -0.256744 0.110384 0.222837 0.027057 -0.464109 0.073094 -1.360327 0.027057 -0.347788 0.069602 0.647084 0.027057 -0.173318 0.069227 0.076159 0.027057 -0.485877 0.137299 -0.882161 0.027057 -0.322704 0.065965 0.511198 0.027057 -0.103254 0.053539 0.084866 0.027057 -0.582644 0.107696 0.170955 0.027057 -0.426533 0.110373 0.687041 0.027057 -0.296601 0.080382 0.404892 0.027057 -0.230827 1.373888 -1.173140 0.027057 -0.500555 0.346420 -0.919759 0.027057 -0.163196 0.061981 -1.235358 0.027057 -0.408553 0.101641 -3.062012 0.027057 -0.376073 0.081128 -0.660394 0.027057 -0.283098 0.121861 1.373667 0.027057 -0.465327 0.092167 -1.164709 0.027057 -0.506255 0.123834 -2.281833 0.027057 -0.383418 0.526206 -1.012657 0.027057 -0.378036 0.081343 -1.922861 0.027057 -0.392686 0.092810 0.308620 0.027057 -0.404065 0.198258 0.431555 0.027057 -0.682473 0.465841 -0.651619 0.027057 -0.223153 0.062729 1.486648 0.027057 -0.279870 0.078354 0.185750 0.027057 -0.448565 0.105138 0.776145 0.027057 -0.307959 0.069899 1.653108 0.027057 -0.224300 0.056506 -1.494392 0.027057 -0.482138 0.190194 -0.525988 0.027057 -0.501613 0.225923 -0.977741 0.027057 -0.317782 0.077726 0.268874 0.027057 -0.334982 0.642831 0.877412 0.027057 -0.480573 0.242595 2.155302 0.027057 -0.417854 0.191062 0.938926 0.027057 -0.528619 0.242002 -1.592033 0.027057 -0.516522 0.186919 -0.821503 0.027057 -0.268598 0.157195 1.306285 
-9.743515
9.744167
